Dividing Wavelength (nm)	Counts (n)	Blue Motor Position (mm): 0.000000	Red Motor Position (mm): 4.600000	
326.493990	1977.906794
326.888308	1977.906794
327.282561	1977.906794
327.676750	1950.876127
328.070874	1953.507609
328.464933	1959.020111
328.858929	1970.183746
329.252859	1982.065746
329.646726	1997.761378
330.040528	2008.199087
330.434265	2032.217665
330.827938	2048.896322
331.221547	2068.725701
331.615091	2089.407035
332.008571	2109.624582
332.401986	2132.700464
332.795338	2150.092445
333.188625	2168.217913
333.581847	2188.884123
333.975006	2207.337267
334.368100	2224.787221
334.761129	2241.105436
335.154095	2258.265524
335.546996	2273.323450
335.939833	2284.343413
336.332606	2300.132307
336.725315	2309.753349
337.117960	2315.023875
337.510540	2323.039310
337.903056	2335.637153
338.295508	2340.733760
338.687896	2346.954543
339.080220	2355.416120
339.472480	2359.020545
339.864676	2361.248735
340.256807	2364.091946
340.648875	2367.484643
341.040879	2368.563449
341.432818	2370.602596
341.824694	2373.032432
342.216506	2369.070085
342.608253	2369.163347
342.999937	2368.281145
343.391557	2366.962883
343.783113	2364.278469
344.174605	2362.254445
344.566033	2365.011957
344.957397	2361.241173
345.348697	2360.386698
345.739934	2357.893847
346.131106	2354.581809
346.522215	2353.031654
346.913260	2355.186748
347.304241	2352.726665
347.695159	2352.018383
348.086012	2350.465707
348.476802	2348.691221
348.867528	2344.701148
349.258191	2344.025633
349.648789	2342.306600
350.039324	2344.401199
350.429796	2343.035046
350.820203	2338.956753
351.210548	2341.694099
351.600828	2341.386589
351.991045	2339.770899
352.381198	2337.774602
352.771288	2339.254181
353.161314	2337.774602
353.551276	2338.775271
353.941175	2340.302741
354.331010	2339.846517
354.720782	2338.308965
355.110490	2339.508759
355.500135	2341.167299
355.889717	2337.451968
356.279235	2337.789726
356.668689	2340.983297
357.058080	2342.273832
357.447408	2340.282576
357.836672	2339.269304
358.225873	2340.065807
358.615010	2340.756445
359.004084	2343.423215
359.393095	2343.705520
359.782043	2346.515963
360.170927	2346.389934
360.559748	2347.577126
360.948505	2346.710048
361.337199	2346.510922
361.725830	2346.374811
362.114398	2346.488237
362.502903	2349.752384
362.891344	2347.468741
363.279722	2348.494616
363.668037	2351.211798
364.056289	2350.407734
364.444478	2351.037878
364.832603	2350.916890
365.220665	2351.247086
365.608665	2351.937724
365.996601	2350.042250
366.384474	2352.716582
366.772284	2352.540142
367.160031	2351.622652
367.547715	2352.041068
367.935336	2355.005266
368.322893	2353.233301
368.710388	2353.308918
369.097820	2359.058354
369.485189	2357.593899
369.872495	2357.263703
370.259738	2357.437623
370.646918	2360.374095
371.034035	2358.902078
371.421090	2365.697553
371.808081	2367.371217
372.195010	2368.926413
372.581875	2372.608975
372.968678	2376.699872
373.355418	2387.150184
373.742096	2395.689898
374.128710	2404.234654
374.515262	2414.659760
374.901751	2425.790628
375.288177	2439.305961
375.674540	2455.432613
376.060841	2473.563122
376.447079	2489.493168
376.833254	2512.780779
377.219367	2532.647966
377.605417	2561.727862
377.991404	2578.928279
378.377329	2610.856427
378.763191	2633.395426
379.148991	2666.152843
379.534727	2698.312884
379.920402	2725.159549
380.306013	2751.673498
380.691563	2790.266051
381.077049	2813.886377
381.462474	2842.961232
381.847835	2877.218393
382.233134	2907.931623
382.618371	2932.494645
383.003545	2967.873463
383.388657	2999.451250
383.773706	3032.490973
384.158693	3054.576268
384.543618	3085.012234
384.928480	3106.129627
385.313280	3139.479381
385.698017	3162.731703
386.082692	3197.498020
386.467305	3199.517002
386.851856	3232.438258
387.236344	3271.877725
387.620770	3269.573917
388.005133	3287.253244
388.389435	3313.268118
388.773674	3313.951195
389.157851	3330.123216
389.541965	3338.521779
389.926018	3311.304589
390.310008	3335.809638
390.693936	3340.205524
391.077802	3340.558405
391.461606	3340.374403
391.845348	3330.687826
392.229027	3324.514933
392.612645	3341.145699
392.996200	3326.629697
393.379694	3326.392763
393.763125	3335.640759
394.146494	3307.697643
394.529801	3293.227011
394.913047	3295.722383
395.296230	3247.649939
395.679351	3213.148282
396.062410	3209.047304
396.445408	3141.619351
396.828343	3122.352061
397.211217	3090.660847
397.594028	3030.938297
397.976778	3011.391223
398.359466	2989.868017
398.742092	2942.728187
399.124656	2920.274888
399.507158	2895.094325
399.889598	2857.373891
400.271977	2836.349759
400.654294	2805.923875
401.036549	2779.742642
401.418742	2747.887591
401.800874	2731.919736
402.182944	2701.917309
402.564952	2688.071780
402.946898	2654.691780
403.328783	2629.196144
403.710606	2609.550768
404.092367	2594.621391
404.474067	2580.286870
404.855705	2554.030020
405.237282	2532.176618
405.618797	2525.552542
406.000250	2513.521828
406.381642	2502.761485
406.762972	2486.619711
407.144240	2471.743266
407.525447	2464.889817
407.906593	2456.135853
408.287677	2450.769545
408.668700	2441.012392
409.049661	2437.813780
409.430560	2429.213571
409.811399	2428.071750
410.192176	2421.583785
410.572891	2420.041192
410.953545	2416.454411
411.334138	2415.184040
411.714669	2410.359656
412.095139	2406.334295
412.475547	2405.931002
412.855894	2404.211969
413.236180	2402.001423
413.616405	2401.247770
413.996568	2401.971176
414.376670	2401.406567
414.756711	2396.967831
415.136691	2398.565877
415.516609	2396.662841
415.896466	2396.037738
416.276262	2398.606206
416.655997	2394.046482
417.035670	2389.620349
417.415283	2394.379198
417.794834	2391.296533
418.174324	2395.193345
418.553753	2393.481873
418.933121	2392.962634
419.312428	2393.849877
419.691674	2392.382901
420.070859	2389.413662
420.449983	2392.831564
420.829045	2392.932387
421.208047	2392.256872
421.586988	2392.503889
421.965867	2391.064640
422.344686	2389.438868
422.723444	2392.148488
423.102141	2390.323590
423.480777	2390.018600
423.859352	2389.607746
424.237866	2394.560680
424.616319	2391.508261
424.994712	2392.647562
425.373044	2390.051368
425.751314	2393.466749
426.129524	2390.628580
426.507673	2393.184445
426.885762	2391.094887
427.263789	2392.932387
427.641756	2391.349465
428.019662	2395.359703
428.397508	2391.619167
428.775292	2391.866183
429.153016	2394.381719
429.530679	2397.073695
429.908282	2390.757129
430.285824	2393.658313
430.663305	2391.276368
431.040726	2391.999774
431.418086	2393.071019
431.795385	2396.579662
432.172624	2394.679147
432.549802	2392.377860
432.926920	2393.532284
433.303977	2395.415155
433.680974	2392.307284
434.057910	2393.360885
434.434786	2393.451626
434.811601	2394.414486
435.188355	2396.108314
435.565050	2397.749210
435.941683	2397.290465
436.318257	2397.088818
436.694770	2391.535988
437.071222	2395.987326
437.447614	2392.909702
437.823946	2392.410628
438.200218	2396.277193
438.576429	2396.496483
438.952580	2396.438510
439.328670	2397.348438
439.704700	2395.090001
440.080670	2396.826678
440.456580	2396.395660
440.832429	2398.487739
441.208218	2395.669734
441.583947	2399.029663
441.959616	2400.400857
442.335224	2396.897255
442.710773	2398.770043
443.086261	2398.817934
443.461689	2397.809703
443.837057	2399.163253
444.212365	2397.222409
444.587612	2399.732904
444.962800	2395.306771
445.337927	2400.090826
445.712995	2398.318860
446.088002	2400.312636
446.462949	2398.724673
446.837837	2401.285579
447.212664	2397.648387
447.587431	2404.774058
447.962139	2401.071330
448.336786	2407.392937
448.711374	2404.171640
449.085901	2403.838923
449.460369	2401.567884
449.834776	2402.031670
450.209124	2401.996382
450.583412	2402.631567
450.957640	2405.242885
451.331808	2404.474109
451.705917	2402.664335
452.079965	2401.338511
452.453954	2400.947822
452.827883	2404.138872
453.201752	2404.201887
453.575562	2402.780281
453.949311	2403.433111
454.323001	2402.714746
454.696632	2404.504356
455.070202	2405.817576
455.443713	2405.994017
455.817164	2404.393450
456.190556	2402.641649
456.563888	2404.196845
456.937160	2398.946484
457.310373	2403.309602
457.683526	2403.533934
458.056619	2407.531569
458.429653	2406.866136
458.802628	2407.453431
459.175542	2405.991496
459.548398	2407.849161
459.921194	2406.609038
460.293930	2411.367887
460.666607	2410.788154
461.039224	2411.947619
461.411782	2408.759090
461.784280	2409.260684
462.156719	2410.215983
462.529099	2410.856210
462.901419	2406.813204
463.273680	2410.110119
463.645882	2406.170457
464.018024	2406.414953
464.390106	2408.769172
464.762130	2410.057187
465.134094	2414.009451
465.505999	2416.761921
465.877845	2419.952972
466.249631	2421.059505
466.621358	2420.815009
466.993026	2422.302149
467.364634	2419.811819
467.736184	2412.963412
468.107674	2411.100706
468.479105	2416.151942
468.850477	2414.450552
469.221790	2411.219173
469.593043	2412.345871
469.964238	2409.943761
470.335373	2409.059038
470.706449	2407.322361
471.077467	2412.013154
471.448425	2416.431726
471.819324	2418.798548
472.190164	2416.300656
472.560945	2414.687487
472.931667	2414.122877
473.302330	2411.599780
473.672934	2412.577764
474.043479	2410.735222
474.413965	2406.790519
474.784393	2403.249108
475.154761	2409.273287
475.525070	2404.617782
475.895321	2409.916034
476.265513	2402.639129
476.635645	2412.378638
477.005719	2410.457958
477.375734	2412.184554
477.745691	2413.785120
478.115588	2411.612383
478.485427	2414.180851
478.855207	2416.540111
479.224928	2413.712023
479.594591	2415.804102
479.964194	2419.847108
480.333739	2416.252765
480.703226	2417.197981
481.072653	2418.158321
481.442022	2417.916346
481.811333	2419.322827
482.180584	2416.557755
482.549777	2415.549524
482.918912	2415.970460
483.287988	2421.508168
483.657005	2414.500964
484.025964	2415.647826
484.394864	2416.708989
484.763706	2414.992476
485.132489	2410.359656
485.501213	2415.335275
485.869879	2412.393762
486.238487	2415.821746
486.607036	2413.160017
486.975527	2414.261509
487.343959	2415.335275
487.712333	2413.482651
488.080648	2413.240675
488.448905	2414.022054
488.817104	2415.405851
489.185244	2414.435429
489.553326	2418.669998
489.921350	2415.678073
490.289315	2418.672519
490.657222	2420.144536
491.025070	2421.200657
491.392861	2417.540780
491.760593	2418.372570
492.128267	2419.557241
492.495883	2420.293250
492.863440	2415.869637
493.230939	2415.811664
493.598380	2416.429205
493.965763	2409.442166
494.333088	2413.651529
494.700354	2409.996693
495.067563	2412.532393
495.434713	2409.981569
495.801805	2415.312590
496.168839	2414.236303
496.535815	2415.063052
496.902733	2413.379307
497.269593	2414.173289
497.636395	2415.690676
498.003139	2415.010120
498.369825	2414.488361
498.736453	2417.437436
499.103023	2413.712023
499.469535	2418.354926
499.835989	2414.977353
500.202385	2419.607653
500.568723	2418.927097
500.935003	2419.756367
501.301226	2420.605801
501.667390	2418.914494
502.033497	2422.707962
502.399546	2420.371388
502.765537	2420.746953
503.131470	2425.188210
503.497345	2424.598395
503.863163	2426.370361
504.228923	2424.316090
504.594625	2426.680392
504.960269	2424.726944
505.325856	2425.543611
505.691385	2427.686102
506.056856	2429.823551
506.422270	2431.945877
506.787625	2431.986206
507.152924	2432.404622
507.518164	2432.008891
507.883347	2433.687595
508.248472	2433.402770
508.613540	2436.215734
508.978550	2437.539037
509.343503	2437.922165
509.708398	2438.191866
510.073236	2439.744542
510.438016	2441.453493
510.802738	2438.816969
511.167403	2438.476692
511.532010	2440.288986
511.896561	2437.818821
512.261053	2442.192022
512.625488	2439.177412
512.989866	2434.821855
513.354186	2437.360076
513.718449	2432.686926
514.082655	2440.301589
514.446803	2436.782864
514.810894	2436.838317
515.174927	2437.866712
515.538904	2433.246494
515.902822	2434.698347
516.266684	2436.147678
516.630488	2434.189190
516.994235	2433.707760
517.357925	2432.056782
517.721558	2431.691298
518.085133	2430.937646
518.448651	2428.850608
518.812112	2428.152408
519.175516	2426.178797
519.538863	2425.314239
519.902152	2425.248704
520.265385	2427.068560
520.628560	2423.638055
520.991678	2421.631676
521.354739	2423.809454
521.717743	2422.584454
522.080690	2421.044382
522.443580	2419.085893
522.806413	2420.366346
523.169189	2417.197981
523.531908	2418.057498
523.894569	2415.375604
524.257174	2416.018351
524.619722	2416.890471
524.982213	2419.549679
525.344647	2416.096489
525.707025	2414.841242
526.069345	2414.432908
526.431608	2413.850655
526.793815	2411.819070
527.155964	2414.445511
527.518057	2413.888464
527.880093	2414.208577
528.242072	2411.584656
528.603995	2411.866961
528.965860	2410.909142
529.327669	2411.524163
529.689421	2409.399316
530.051117	2412.124060
530.412755	2410.745304
530.774337	2411.758576
531.135862	2409.757238
531.497331	2408.784295
531.858743	2403.818759
532.220098	2407.856723
532.581396	2406.331774
532.942638	2404.574932
533.303824	2408.993503
533.664953	2407.471075
534.026025	2407.397978
534.387040	2411.020047
534.747999	2410.158010
535.108902	2410.838566
535.469748	2407.708009
535.830537	2406.425035
536.191270	2406.840931
536.551947	2409.953843
536.912567	2408.665828
537.273131	2408.607855
537.633638	2406.654408
537.994089	2406.021743
538.354483	2407.748338
538.714821	2408.804460
539.075103	2409.583318
539.435328	2405.618451
539.795497	2408.340674
540.155609	2409.827814
540.515665	2407.072824
540.875665	2406.949315
541.235609	2407.274470
541.595496	2407.942423
541.955328	2406.692217
542.315102	2408.018040
542.674821	2408.058369
543.034483	2409.648853
543.394090	2407.599624
543.753640	2408.912845
544.113134	2407.619789
544.472571	2408.161713
544.831953	2408.655746
545.191278	2410.717578
545.550548	2409.532907
545.909761	2408.287742
546.268918	2407.783626
546.628019	2409.371590
546.987064	2406.634243
547.346053	2406.911507
547.704986	2409.409398
548.063863	2407.768503
548.422684	2407.521486
548.781449	2405.598286
549.140158	2404.577453
549.498811	2410.087434
549.857408	2407.312278
550.215949	2408.151631
550.574434	2408.648184
550.932864	2405.363873
551.291237	2404.332957
551.649555	2408.474264
552.007817	2406.891342
552.366022	2408.126425
552.724173	2407.231620
553.082267	2406.301527
553.440305	2406.868657
553.798288	2408.007958
554.156215	2408.325550
554.514086	2408.784295
554.871902	2405.925961
555.229661	2409.197670
555.587365	2407.753379
555.945014	2404.978224
556.302606	2411.007444
556.660143	2407.423184
557.017625	2406.883780
557.375050	2407.251785
557.732421	2406.808163
558.089735	2408.411250
558.446994	2407.919737
558.804197	2405.389078
559.161345	2406.987124
559.518437	2403.982596
559.875474	2407.524007
560.232455	2405.898235
560.589381	2406.583832
560.946251	2407.917217
561.303065	2403.271794
561.659825	2406.107443
562.016528	2405.323543
562.373177	2407.377813
562.729770	2407.453431
563.086307	2405.109294
563.442789	2407.007289
563.799216	2405.764644
564.155587	2406.833369
564.511904	2408.635581
564.868164	2406.263718
565.224370	2406.273801
565.580520	2405.386558
565.936615	2407.176167
566.292654	2406.982083
566.648638	2406.765313
567.004567	2408.348236
567.360441	2406.752710
567.716260	2406.639284
568.072023	2406.152813
568.427732	2401.640980
568.783385	2406.823287
569.138982	2406.828328
569.494525	2403.967473
569.850013	2402.071999
570.205445	2403.841444
570.560823	2406.843451
570.916145	2405.237844
571.271412	2405.338667
571.626625	2406.838410
571.981782	2406.661970
572.336884	2407.176167
572.691931	2407.574418
573.046923	2406.853533
573.401860	2403.397823
573.756743	2404.151475
574.111570	2408.383524
574.466342	2404.123749
574.821059	2405.615930
575.175722	2404.093502
575.530330	2408.980900
575.884882	2405.772206
576.239380	2405.230282
576.593823	2407.965108
576.948211	2404.867319
577.302544	2404.456465
577.656823	2407.904614
578.011047	2405.021074
578.365216	2405.232802
578.719330	2405.507545
579.073389	2404.348080
579.427394	2407.987793
579.781344	2405.353790
580.135239	2406.538461
580.489080	2405.890673
580.842866	2404.947977
581.196597	2405.429408
581.550273	2405.588204
581.903895	2406.311609
582.257463	2407.251785
582.610975	2404.244736
582.964434	2407.836558
583.317837	2404.794222
583.671186	2406.450241
584.024481	2405.469737
584.377721	2405.883111
584.730906	2405.142062
585.084037	2406.281363
585.437113	2406.233472
585.790135	2406.548544
586.143103	2403.778430
586.496016	2406.251116
586.848874	2400.161402
587.201679	2404.053172
587.554428	2401.245250
587.907124	2403.937226
588.259765	2402.240878
588.612352	2405.449572
588.964884	2405.593245
589.317362	2405.769685
589.669786	2403.851526
590.022155	2407.566857
590.374470	2405.978893
590.726731	2406.472926
591.078937	2406.301527
591.431090	2405.464696
591.783188	2406.876219
592.135232	2406.364542
592.487222	2406.220869
592.839157	2406.026784
593.191038	2405.525189
593.542866	2405.648698
593.894639	2403.665004
594.246358	2404.607699
594.598022	2403.884294
594.949633	2403.206259
595.301190	2402.165260
595.652692	2403.788512
596.004141	2403.886814
596.355535	2403.778430
596.706876	2402.394633
597.058162	2401.968655
597.409395	2403.198697
597.760573	2406.125087
598.111698	2405.812535
598.462768	2402.986968
598.813785	2405.754562
599.164748	2403.299520
599.515657	2402.986968
599.866511	2405.560478
600.217312	2403.601989
600.568060	2404.960580
600.918753	2406.598955
601.269392	2402.611403
601.619978	2403.256670
601.970510	2406.062072
602.320988	2402.886145
602.671412	2405.673903
603.021783	2401.431773
603.372100	2403.158368
603.722363	2403.390261
604.072572	2403.843965
604.422728	2404.068296
604.772830	2399.410270
605.122878	2400.022770
605.472872	2400.204252
605.822813	2397.540002
606.172701	2403.904458
606.522534	2404.562329
606.872314	2403.110477
607.222041	2403.475960
607.571714	2403.821279
607.921333	2406.324212
608.270899	2405.071486
608.620411	2401.777092
608.969870	2404.758934
609.319276	2404.791702
609.668627	2406.009140
610.017926	2406.951836
610.367171	2404.305230
610.716362	2404.905127
611.065500	2403.586866
611.414585	2405.119377
611.763616	2403.705333
612.112594	2402.959242
612.461518	2405.126938
612.810389	2405.084088
613.159207	2405.016033
613.507971	2402.397153
613.856682	2402.487894
614.205340	2403.866650
614.553945	2405.033677
614.902496	2404.610220
615.250994	2403.924623
615.599439	2403.130641
615.947830	2402.460168
616.296169	2404.365724
616.644454	2405.867988
616.992686	2403.685168
617.340864	2404.199366
617.688990	2403.964952
618.037063	2401.265414
618.385082	2402.613923
618.733048	2404.330436
619.080961	2404.436300
619.428821	2402.815569
619.776628	2402.676937
620.124382	2406.014181
620.472083	2403.912020
620.819731	2402.956722
621.167326	2405.338667
621.514868	2404.877401
621.862357	2401.262894
622.209793	2400.138717
622.557176	2402.543347
622.904506	2401.714077
623.251783	2396.400701
623.599007	2399.511093
623.946179	2399.153171
624.293297	2402.533265
624.640363	2404.070817
624.987376	2404.010323
625.334336	2402.011505
625.681243	2403.344890
626.028097	2401.996382
626.374899	2402.419839
626.721647	2402.634088
627.068343	2400.904972
627.414987	2403.990158
627.761577	2403.027298
628.108115	2404.330436
628.454600	2404.698440
628.801032	2402.790363
629.147412	2403.866650
629.493739	2402.155178
629.840014	2404.214489
630.186236	2403.435631
630.532405	2402.404715
630.878521	2404.431259
631.224585	2402.409756
631.570597	2403.778430
631.916556	2404.350601
632.262462	2403.579304
632.608316	2400.327760
632.954117	2402.026629
633.299866	2400.652914
633.645562	2402.258522
633.991206	2405.084088
634.336797	2400.244581
634.682336	2404.501835
635.027823	2402.258522
635.373257	2400.783984
635.718639	2403.861609
636.063968	2403.110477
636.409245	2402.119890
636.754470	2402.503018
637.099642	2400.045455
637.444762	2402.208110
637.789829	2399.964797
638.134845	2401.961094
638.479808	2400.224416
638.824719	2401.799777
639.169577	2399.773233
639.514383	2401.877915
639.859137	2398.959087
640.203839	2402.445044
640.548489	2403.400343
640.893086	2397.494631
641.237632	2395.843653
641.582125	2400.559653
641.926566	2394.321225
642.270955	2402.457647
642.615292	2399.697616
642.959576	2401.887997
643.303809	2399.589231
643.647990	2398.722152
643.992118	2401.262894
644.336195	2401.386402
644.680219	2400.627708
645.024192	2402.651732
645.368112	2400.468912
645.711981	2400.471433
646.055797	2400.761299
646.399562	2400.088305
646.743274	2400.073182
647.086935	2401.262894
647.430544	2401.230126
647.774101	2402.316495
648.117606	2401.434293
648.461059	2401.709036
648.804460	2404.678276
649.147810	2401.830024
649.491108	2402.717267
649.834354	2404.222051
650.177548	2399.886659
650.520690	2402.714746
650.863781	2402.155178
651.206820	2401.658624
651.549807	2402.992010
651.892742	2400.857081
652.235626	2399.816083
652.578458	2403.412946
652.921238	2398.354148
653.263967	2401.353635
653.606644	2398.742317
653.949269	2401.643501
654.291843	2396.952707
654.634365	2400.428583
654.976836	2398.517986
655.319255	2400.910013
655.661622	2400.920095
656.003938	2397.482028
656.346203	2398.129817
656.688416	2400.741134
657.030577	2397.976062
657.372687	2402.702143
657.714746	2400.010167
658.056753	2398.170146
658.398708	2395.944477
658.740612	2396.320043
659.082465	2397.008160
659.424266	2397.746689
659.766016	2397.348438
660.107715	2400.731052
660.449362	2400.368089
660.790958	2397.799621
661.132503	2401.588048
661.473996	2400.645353
661.815438	2399.266597
662.156829	2400.110990
662.498168	2397.708880
662.839456	2397.875238
663.180693	2399.783315
663.521879	2400.337842
663.863013	2398.644014
664.204097	2398.533109
664.545129	2400.239540
664.886110	2400.400857
665.227040	2397.814745
665.567918	2399.460681
665.908746	2400.494118
666.249522	2398.671741
666.590248	2398.517986
666.930922	2402.949160
667.271545	2399.518655
667.612118	2400.544529
667.952639	2398.021432
668.293109	2400.776423
668.633528	2400.723490
668.973896	2400.491597
669.314213	2401.671227
669.654480	2401.358676
669.994695	2398.850702
670.334859	2400.577297
670.674973	2397.522358
671.015035	2398.694426
671.355047	2400.897410
671.695008	2399.977400
672.034918	2398.875907
672.374777	2399.904303
672.714585	2400.746176
673.054342	2399.581669
673.394049	2399.884138
673.733705	2399.473284
674.073310	2398.611247
674.412864	2400.431103
674.752368	2400.022770
675.091820	2399.987482
675.431223	2399.536299
675.770574	2397.126627
676.109875	2394.671585
676.449125	2397.517317
676.788324	2395.508417
677.127473	2399.417832
677.466571	2393.617984
677.805619	2395.793242
678.144616	2401.857750
678.483562	2398.863305
678.822458	2403.100394
679.161303	2400.688202
679.500098	2395.253838
679.838842	2399.337173
680.177535	2399.450599
680.516179	2398.979251
680.854771	2399.952194
681.193314	2394.651421
681.531805	2399.596793
681.870247	2399.097718
682.208638	2398.258366
682.546978	2399.039745
682.885268	2398.891031
683.223508	2402.182904
683.561697	2398.583521
683.899836	2400.720970
684.237925	2396.730897
684.575963	2399.954714
684.913951	2396.763664
685.251889	2398.190311
685.589776	2399.518655
685.927614	2400.347924
686.265401	2399.319529
686.603137	2400.058058
686.940824	2399.871535
687.278460	2400.257184
687.616046	2399.057389
687.953582	2395.455485
688.291068	2400.274828
688.628504	2398.696947
688.965889	2398.991854
689.303224	2397.958417
689.640510	2400.347924
689.977745	2397.928171
690.314930	2398.707029
690.652065	2399.112842
690.989150	2396.824158
691.326185	2398.908675
691.663170	2398.255846
692.000105	2398.848181
692.336990	2398.636453
692.673825	2396.637635
693.010610	2399.621998
693.347345	2396.554456
693.684030	2391.019269
694.020665	2397.754251
694.357251	2390.532798
694.693786	2395.495814
695.030272	2396.395660
695.366707	2400.219375
695.703093	2396.360372
696.039429	2396.531771
696.375716	2400.761299
696.711952	2400.206772
697.048139	2394.646379
697.384276	2397.829868
697.720363	2396.904816
698.056400	2396.201575
698.392388	2398.374313
698.728326	2397.986144
699.064214	2400.274828
699.400053	2399.052348
699.735842	2397.476987
700.071581	2399.513613
700.407270	2395.210989
700.742910	2398.696947
701.078501	2396.128479
701.414042	2396.980434
701.749533	2395.034548
702.084974	2396.045300
702.420366	2395.352141
702.755709	2395.291647
703.091002	2395.226112
703.426246	2396.125958
703.761440	2394.177552
704.096584	2397.960938
704.431679	2396.977913
704.766725	2396.506565
705.101721	2395.092522
705.436668	2397.948335
705.771565	2395.198386
706.106413	2396.400701
706.441212	2394.613612
706.775961	2396.869528
707.110661	2397.134189
707.445311	2398.258366
707.779913	2396.322563
708.114465	2396.433468
708.448967	2398.064282
708.783421	2397.214847
709.117825	2398.336504
709.452180	2401.164591
709.786485	2399.196021
710.120742	2397.759292
710.454949	2396.733417
710.789107	2396.491442
711.123216	2392.970196
711.457275	2394.258211
711.791286	2393.554970
712.125247	2391.825854
712.459159	2397.718963
712.793023	2396.788870
713.126837	2397.272821
713.460602	2396.219219
713.794318	2397.741648
714.127985	2397.847512
714.461602	2398.689385
714.795171	2396.045300
715.128691	2396.138561
715.462162	2396.705691
715.795584	2398.059241
716.128957	2396.786349
716.462281	2397.721483
716.795556	2398.434807
717.128782	2396.766185
717.461960	2395.528581
717.795088	2397.476987
718.128167	2394.535474
718.461198	2396.836761
718.794180	2393.474311
719.127113	2396.491442
719.459997	2397.078736
719.792833	2396.914899
720.125619	2395.029507
720.458357	2397.141751
720.791046	2397.408932
721.123686	2396.367933
721.456278	2395.203427
721.788821	2394.820299
722.121315	2398.467574
722.453761	2395.818448
722.786158	2397.393808
723.118506	2393.996071
723.450805	2397.746689
723.783056	2396.798952
724.115259	2396.562018
724.447412	2397.083777
724.779518	2397.033366
725.111574	2399.039745
725.443582	2397.086298
725.775542	2396.844323
726.107453	2395.566390
726.439315	2398.349107
726.771129	2398.162584
727.102895	2395.805845
727.434612	2394.003632
727.766281	2396.451112
728.097901	2393.328118
728.429473	2391.707387
728.760996	2393.744013
729.092471	2393.376009
729.423897	2397.660989
729.755276	2394.270813
730.086606	2397.217368
730.417887	2394.769888
730.749120	2392.675288
731.080305	2395.853736
731.411442	2399.261556
731.742530	2396.022614
732.073570	2396.279713
732.404562	2396.864487
732.735506	2393.975906
733.066401	2396.284754
733.397249	2394.457336
733.728048	2396.002450
734.058798	2394.893396
734.389501	2397.207286
734.720156	2396.025135
735.050762	2394.958931
735.381320	2393.350803
735.711831	2396.526730
736.042293	2395.757954
736.372707	2391.833416
736.703073	2395.662172
737.033391	2397.015722
737.363661	2397.839950
737.693883	2397.298026
738.024056	2397.429096
738.354182	2394.621174
738.684260	2395.364744
739.014290	2396.665362
739.344272	2395.130330
739.674207	2394.454816
740.004093	2396.176370
740.333931	2393.590258
740.663722	2394.666544
740.993464	2396.115876
741.323159	2396.292316
741.652806	2396.279713
741.982405	2394.565721
742.311956	2395.168139
742.641460	2395.057233
742.970915	2398.800290
743.300323	2394.888355
743.629683	2397.235012
743.958996	2394.631256
744.288260	2395.523540
744.617477	2392.322408
744.946647	2391.057078
745.275768	2395.042110
745.604842	2390.109341
745.933869	2391.515823
746.262847	2388.355019
746.591778	2393.847357
746.920662	2393.023128
747.249498	2396.383057
747.578286	2393.784342
747.907027	2394.719476
748.235720	2398.354148
748.564365	2394.865670
748.892963	2395.415155
749.221514	2393.083622
749.550017	2395.253838
749.878473	2393.597819
750.206881	2394.437172
750.535242	2394.606050
750.863555	2395.737789
751.191821	2394.074208
751.520039	2395.642007
751.848210	2395.941956
752.176334	2394.578324
752.504411	2395.755433
752.832440	2396.221740
753.160421	2395.909188
753.488356	2393.799466
753.816243	2397.459343
754.144082	2392.672768
754.471875	2395.004301
754.799620	2394.157387
755.127318	2396.930022
755.454969	2395.647048
755.782572	2396.980434
756.110129	2395.299209
756.437638	2392.670247
756.765100	2394.583365
757.092515	2395.437841
757.419882	2394.525392
757.747203	2394.752244
758.074477	2396.194014
758.401703	2394.447254
758.728882	2392.912222
759.056014	2396.264590
759.383099	2394.628735
759.710138	2394.076729
760.037129	2394.384239
760.364073	2395.117727
760.690970	2395.112686
761.017820	2395.084960
761.344623	2393.686040
761.671379	2391.956924
761.998088	2390.716800
762.324751	2391.682181
762.651366	2391.213354
762.977935	2392.783673
763.304456	2391.949362
763.630931	2398.286093
763.957359	2397.610578
764.283740	2395.493293
764.610074	2396.786349
764.936362	2394.535474
765.262602	2394.613612
765.588796	2398.054199
765.914943	2393.822151
766.241044	2394.865670
766.567097	2392.637480
766.893104	2392.733262
767.219064	2395.460526
767.544978	2394.285937
767.870845	2395.538664
768.196665	2394.306102
768.522438	2393.877603
768.848165	2393.307953
769.173846	2394.565721
769.499479	2395.160577
769.825066	2392.387943
770.150607	2394.154867
770.476101	2392.098076
770.801548	2393.650752
771.126949	2392.816441
771.452303	2393.383570
771.777611	2393.451626
772.102872	2392.062788
772.428087	2393.844836
772.753256	2391.994733
773.078378	2392.186296
773.403453	2393.746533
773.728482	2393.144116
774.053465	2394.694270
774.378401	2392.682850
774.703291	2392.607233
775.028135	2392.972716
775.352932	2390.671430
775.677683	2389.849722
776.002388	2392.907181
776.327046	2392.372819
776.651658	2394.817779
776.976224	2395.342059
777.300743	2392.594630
777.625216	2392.261914
777.949643	2394.263252
778.274024	2391.843498
778.598359	2390.671430
778.922647	2387.447612
779.246889	2391.848539
779.571086	2390.285781
779.895236	2393.403735
780.219339	2388.571789
780.543397	2391.218395
780.867409	2390.913405
781.191374	2391.838457
781.515294	2391.785525
781.839167	2390.956255
782.162995	2394.535474
782.486776	2391.790566
782.810511	2392.455998
783.134201	2392.224105
783.457844	2392.609753
783.781441	2394.575803
784.104993	2391.881307
784.428498	2392.884496
784.751958	2393.716287
785.075372	2391.402397
785.398739	2390.414331
785.722061	2391.591440
786.045337	2392.657644
786.368568	2392.546739
786.691752	2392.624877
787.014891	2392.382901
787.337983	2390.807541
787.661030	2394.129661
787.984031	2392.662685
788.306987	2393.630587
788.629897	2392.236708
788.952760	2390.119423
789.275579	2390.313508
789.598351	2395.339538
789.921078	2393.633108
790.243759	2389.741337
790.566395	2391.823333
790.888984	2390.305946
791.211529	2391.735113
791.534027	2394.328787
791.856480	2395.180742
792.178888	2392.440875
792.501249	2392.703015
792.823566	2392.892058
793.145836	2391.034393
793.468062	2392.733262
793.790241	2393.186965
794.112375	2395.750392
794.434464	2384.884185
794.756507	2392.624877
795.078505	2392.186296
795.400457	2388.690256
795.722364	2387.306459
796.044226	2389.091028
796.366042	2389.184289
796.687812	2388.380225
797.009538	2392.173693
797.331218	2391.954403
797.652852	2392.493807
797.974442	2391.256203
798.295986	2390.114382
798.617484	2392.531615
798.938938	2389.506923
799.260346	2391.725031
799.581709	2392.075391
799.903026	2393.171842
800.224299	2390.711759
800.545526	2391.457850
800.866708	2390.910884
801.187845	2391.525905
801.508936	2391.946842
801.829983	2391.823333
802.150984	2391.291492
802.471940	2389.103631
802.792851	2391.402397
803.113717	2391.533467
803.434538	2390.963817
803.755314	2392.133364
804.076045	2389.690925
804.396731	2392.176214
804.717372	2390.459701
805.037967	2389.925339
805.358518	2392.173693
805.679024	2390.310987
805.999485	2391.619167
806.319901	2392.856770
806.640272	2389.675802
806.960598	2393.287788
807.280879	2392.864332
807.601115	2393.552449
807.921306	2392.740823
808.241453	2392.287119
808.561554	2391.341903
808.881611	2394.744682
809.201623	2392.327449
809.521590	2392.093035
809.841513	2392.791235
810.161390	2393.076060
810.481223	2390.061450
810.801011	2389.653117
811.120755	2388.975081
811.440453	2392.226626
811.760107	2390.994063
812.079716	2388.723024
812.399281	2386.464587
812.718801	2388.344937
813.038276	2387.984495
813.357707	2392.685371
813.677093	2393.277706
813.996434	2391.170504
814.315731	2389.196892
814.634983	2389.219577
814.954191	2392.826523
815.273354	2393.401214
815.592473	2390.512633
815.911547	2394.364075
816.230577	2391.719990
816.549562	2389.305277
816.868502	2391.082284
817.187399	2388.939793
817.506250	2393.449105
817.825058	2391.349465
818.143821	2391.344424
818.462539	2392.075391
818.781213	2392.889537
819.099843	2391.503220
819.418429	2391.977088
819.736970	2392.443395
820.055466	2390.452139
820.373919	2393.035731
820.692327	2391.374671
821.010691	2392.844167
821.329011	2394.916081
821.647286	2399.579148
821.965517	2399.722821
822.283704	2402.376989
822.601847	2399.586710
822.919945	2401.933367
823.237999	2398.749879
823.556010	2397.045969
823.873976	2397.456823
824.191897	2397.403891
824.509775	2393.146636
824.827609	2394.936246
825.145398	2393.277706
825.463144	2393.587737
825.780845	2394.747202
826.098502	2394.348951
826.416116	2395.084960
826.733685	2395.009342
827.051210	2395.594116
827.368692	2394.109497
827.686129	2394.986657
828.003522	2390.840308
828.320872	2388.443240
828.638177	2392.367778
828.955439	2386.883003
829.272656	2389.748898
829.589830	2386.444422
829.906960	2392.095556
830.224046	2390.063971
830.541088	2391.009187
830.858086	2389.058260
831.175041	2392.274517
831.491952	2393.476832
831.808819	2393.539846
832.125642	2391.112531
832.442421	2391.530946
832.759157	2393.799466
833.075849	2393.189486
833.392497	2395.450443
833.709101	2393.948180
834.025662	2394.356513
834.342179	2393.013046
834.658653	2393.557490
834.975083	2392.254352
835.291469	2397.330794
835.607811	2391.546070
835.924110	2391.906512
836.240366	2391.588920
836.556578	2390.116903
836.872746	2392.299722
837.188871	2388.924670
837.504952	2390.452139
837.820990	2389.277551
838.136984	2392.004815
838.452935	2389.559855
838.768842	2391.205792
839.084706	2392.186296
839.400526	2392.148488
839.716303	2389.438868
840.032037	2389.577499
840.347727	2390.336193
840.663373	2388.128168
840.978977	2393.779301
841.294537	2393.093704
841.610054	2389.912736
841.925527	2389.315359
842.240957	2388.944834
842.556344	2390.842829
842.871687	2390.510113
843.186987	2391.805689
843.502244	2390.220246
843.817458	2389.643034
844.132629	2390.668909
844.447756	2389.333003
844.762840	2386.731768
845.077881	2388.160935
845.392879	2386.018445
845.707833	2388.546583
846.022745	2386.325955
846.337613	2391.102448
846.652438	2388.677653
846.967221	2389.821995
847.281960	2388.158414
847.596656	2390.621018
847.911309	2386.479710
848.225919	2390.651265
848.540485	2392.425751
848.855009	2389.085987
849.169490	2388.907026
849.483928	2391.697304
849.798323	2389.264948
850.112675	2389.030534
850.426984	2390.321069
850.741251	2390.736965
851.055474	2389.267468
851.369654	2389.718652
851.683792	2388.536501
851.997887	2390.915926
852.311938	2387.845863
852.625947	2389.980792
852.939914	2390.560524
853.253837	2390.406769
853.567718	2389.869886
853.881555	2389.665719
854.195350	2390.338713
854.509103	2388.138250
854.822812	2389.073384
855.136479	2390.865514
855.450103	2388.700338
855.763685	2389.133878
856.077224	2388.730585
856.390720	2390.174876
856.704173	2388.314690
857.017584	2391.052037
857.330953	2388.483569
857.644278	2389.834598
857.957561	2395.979765
858.270802	2389.932901
858.584000	2390.381563
858.897155	2388.226470
859.210268	2389.373332
859.523339	2392.755947
859.836367	2388.516336
860.149352	2389.920298
860.462295	2392.602192
860.775195	2384.070039
861.088054	2386.328476
861.400869	2389.206974
861.713642	2384.614483
862.026373	2390.063971
862.339062	2388.460884
862.651708	2390.646224
862.964312	2390.537839
863.276873	2390.331152
863.589392	2387.664381
863.901869	2390.361399
864.214303	2390.931049
864.526696	2390.563045
864.839045	2388.491131
865.151353	2390.956255
865.463619	2390.477345
865.775842	2390.545401
866.088023	2390.565565
866.400162	2390.016080
866.712258	2388.667571
867.024313	2387.467776
867.336325	2389.237221
867.648296	2390.787376
867.960224	2390.109341
868.272110	2391.319218
868.583954	2387.606408
868.895755	2387.717313
869.207515	2389.728734
869.519233	2389.665719
869.830909	2388.982643
870.142542	2386.845194
870.454134	2391.077242
870.765684	2388.584392
871.077191	2389.385935
871.388657	2389.975750
871.700081	2389.612787
872.011463	2389.269989
872.322803	2390.505072
872.634101	2389.262427
872.945357	2389.418703
873.256571	2390.815102
873.567744	2389.151522
873.878874	2388.551624
874.189963	2389.065822
874.501010	2388.168497
874.812015	2385.242107
875.122979	2389.315359
875.433900	2389.118754
875.744780	2388.828888
876.055618	2390.678991
876.366415	2393.764178
876.677169	2388.352499
876.987882	2388.735627
877.298554	2385.821840
877.609183	2388.337375
877.919771	2382.706407
878.230317	2385.819319
878.540822	2390.731923
878.851285	2387.495503
879.161707	2387.873589
879.472087	2389.711090
879.782425	2388.818806
880.092722	2389.519526
880.402977	2391.261245
880.713191	2390.419372
881.023363	2393.902809
881.333494	2393.968344
881.643583	2392.050185
881.953631	2394.439692
882.263637	2394.056564
882.573602	2394.026318
882.883526	2392.478683
883.193408	2395.392470
883.503248	2390.018600
883.813048	2391.228477
884.122806	2392.271996
884.432522	2388.246635
884.742197	2391.467932
885.051831	2393.154198
885.361424	2389.743857
885.670975	2389.733775
885.980485	2387.462735
886.289954	2389.796789
886.599382	2389.791748
886.908768	2390.225287
887.218113	2390.003477
887.527417	2389.252345
887.836680	2390.300905
888.145901	2389.491800
888.455082	2387.901316
888.764221	2392.105638
889.073319	2386.701521
889.382376	2390.268137
889.691392	2388.861655
890.000366	2389.900133
890.309300	2387.868548
890.618193	2389.098590
890.927044	2388.382746
891.235855	2385.778990
891.544625	2387.417365
891.853353	2389.123795
892.162041	2389.305277
892.470687	2392.148488
892.779293	2387.147663
893.087858	2386.499875
893.396381	2383.364277
893.704864	2387.087169
894.013306	2385.766387
894.321707	2388.145812
894.630068	2390.595812
894.938387	2392.282078
895.246665	2390.293343
895.554903	2390.011038
895.863100	2389.186810
896.171256	2392.458519
896.479371	2388.415513
896.787446	2388.954917
897.095480	2390.489948
897.403473	2390.379043
897.711425	2387.682025
898.019336	2389.161604
898.327207	2387.029196
898.635038	2389.411141
898.942827	2387.734958
899.250576	2387.916439
899.558284	2389.829557
899.865952	2388.344937
900.173579	2386.988867
900.481165	2389.532129
900.788711	2389.610267
901.096216	2389.685884
901.403681	2386.910729
901.711105	2386.303270
902.018489	2388.070194
902.325832	2391.064640
902.633135	2388.367622
902.940397	2387.200595
903.247619	2388.395349
903.554800	2390.862993
903.861941	2390.507592
904.169041	2389.837119
904.476101	2391.626728
904.783121	2388.274361
905.090100	2391.379712
905.397039	2390.489948
905.703938	2389.517005
906.010796	2388.332334
906.317614	2389.038096
906.624391	2388.992725
906.931129	2389.834598
907.237826	2388.428116
907.544483	2388.982643
907.851099	2390.626059
908.157675	2386.709083
908.464211	2385.927704
908.770707	2384.735471
909.077163	2385.897457
909.383578	2384.211191
909.689954	2385.264792
909.996289	2384.085162
910.302584	2390.913405
910.608839	2386.668753
910.915054	2386.366284
911.221229	2386.807385
911.527363	2389.421223
911.833458	2387.858466
912.139513	2386.943496
912.445527	2389.574979
912.751502	2386.131871
913.057436	2386.210008
913.363331	2387.107334
913.669186	2389.269989
913.975000	2387.591285
914.280775	2388.286964
914.586510	2389.895092
914.892205	2385.358053
915.197859	2390.343755
915.503475	2389.373333
915.809050	2387.697149
916.114585	2388.249155
916.420081	2388.110523
916.725536	2392.327449
917.030952	2390.437016
917.336328	2393.214692
917.641665	2389.121275
917.946961	2389.716131
918.252218	2393.711245
918.557435	2388.029865
918.862612	2390.162273
919.167750	2387.225801
919.472848	2390.265617
919.777906	2387.780328
920.082925	2386.671274
920.387904	2388.108003
920.692843	2391.220915
920.997743	2387.193033
921.302603	2387.208157
921.607423	2389.683363
921.912204	2389.804351
922.216946	2388.234032
922.521647	2386.855276
922.826310	2387.382077
923.130932	2388.632283
923.435516	2389.131357
923.740059	2386.895605
924.044564	2387.316542
924.349028	2388.619680
924.653454	2381.940151
924.957840	2385.486603
925.262186	2384.286808
925.566493	2385.768908
925.870761	2384.639689
926.174989	2387.387118
926.479178	2386.353681
926.783328	2387.671943
927.087438	2386.129350
927.391509	2387.130019
927.695541	2389.998436
927.999533	2389.206974
928.303486	2387.334186
928.607400	2389.587582
928.911275	2388.022303
929.215110	2387.208157
929.518906	2386.202447
929.822663	2389.733775
930.126381	2386.923332
930.430060	2388.148332
930.733699	2386.567930
931.037299	2386.464587
931.340861	2383.543238
931.644383	2388.871738
931.947866	2384.927035
932.251309	2389.277551
932.554714	2387.858466
932.858080	2387.485420
933.161407	2385.600029
933.464694	2384.533825
933.767943	2385.688249
934.071153	2387.435009
934.374323	2387.906357
934.677455	2386.797303
934.980548	2387.971892
935.283602	2386.106665
935.586617	2386.290667
935.889593	2387.142622
936.192530	2387.674464
936.495428	2387.124978
936.798287	2385.874772
937.101108	2388.488610
937.403890	2387.137581
937.706632	2386.462066
938.009336	2388.097921
938.312002	2389.406100
938.614628	2387.132540
938.917216	2388.148332
939.219765	2386.598177
939.522275	2387.724875
939.824747	2388.057591
940.127179	2385.365615
940.429573	2383.449977
940.731929	2386.416696
941.034246	2381.113402
941.336524	2388.407952
941.638763	2389.272509
941.940964	2389.486758
942.243126	2386.232694
942.545250	2387.553476
942.847335	2386.940976
943.149381	2386.545245
943.451389	2387.175389
943.753359	2387.049361
944.055290	2386.888044
944.357182	2384.553989
944.659036	2389.529608
944.960851	2385.015255
945.262628	2387.127498
945.564367	2384.228835
945.866067	2385.398383
946.167729	2391.525905
946.469352	2389.522047
946.770937	2387.997097
947.072484	2386.497354
947.373992	2388.133209
947.675462	2386.762015
947.976893	2385.718496
948.278286	2385.325286
948.579641	2383.034082
948.880958	2386.323434
949.182236	2385.494165
949.483476	2387.243445
949.784678	2388.584392
950.085841	2388.261758
950.386967	2387.956768
950.688054	2387.435009
950.989103	2386.890564
951.290114	2387.787890
951.591087	2388.682694
951.892021	2386.751933
952.192917	2388.838970
952.493776	2385.927704
952.794596	2387.371994
953.095378	2387.893754
953.396122	2388.415513
953.696828	2385.849566
953.997496	2386.257899
954.298126	2386.310832
954.598718	2386.323434
954.899272	2384.349823
955.199788	2389.383415
955.500266	2387.873589
955.800706	2387.412324
956.101108	2380.725233
956.401472	2385.320245
956.701798	2382.429143
957.002087	2383.928886
957.302337	2387.157745
957.602550	2386.502395
957.902724	2385.048023
958.202861	2387.689587
958.502960	2385.612632
958.803022	2386.550286
959.103045	2386.172200
959.403031	2385.826881
959.702979	2387.382077
960.002889	2387.734958
960.302762	2385.075749
960.602596	2386.555328
960.902393	2387.634134
961.202153	2385.831922
961.501875	2384.448125
961.801559	2387.382077
962.101205	2387.104813
962.400814	2388.097921
962.700385	2389.020452
962.999918	2385.889895
963.299414	2385.915101
963.598873	2388.657489
963.898293	2387.245966
964.197677	2388.352499
964.497022	2387.167828
964.796331	2388.178579
965.095601	2387.190513
965.394835	2387.107334
965.694030	2386.991387
965.993189	2387.054402
966.292309	2387.651778
966.591393	2386.048692
966.890439	2387.409803
967.189447	2386.814947
967.488419	2383.739843
967.787353	2388.549104
968.086249	2386.905688
968.385108	2385.181613
968.683930	2386.026006
968.982714	2384.596839
969.281462	2383.921325
969.580172	2387.092210
969.878844	2387.813095
970.177480	2386.991387
970.476078	2386.356202
970.774639	2384.997611
971.073162	2387.170348
971.371649	2383.689432
971.670098	2384.851418
971.968510	2384.823691
972.266885	2380.531149
972.565223	2388.347458
972.863524	2385.811757
973.161788	2386.401572
973.460014	2386.373846
973.758204	2385.080790
974.056356	2386.643548
974.354471	2389.113713
974.652550	2385.161448
974.950591	2386.235214
975.248595	2385.022817
975.546563	2384.697662
975.844493	2386.532642
976.142386	2384.730430
976.440243	2386.517519
976.738062	2385.862169
977.035845	2388.715462
977.333590	2385.970554
977.631299	2384.317055
977.928971	2383.518032
978.226606	2385.892416
978.524204	2386.222611
978.821765	2389.080946
979.119290	2385.658002
979.416777	2386.704042
979.714228	2385.713455
980.011642	2385.915101
980.309020	2385.181613
980.606360	2385.398383
980.903664	2386.686397
981.200931	2387.737478
981.498162	2386.078938
981.795356	2384.952241
982.092513	2387.112375
982.389633	2383.765049
982.686717	2385.171531
982.983764	2383.820502
983.280775	2384.914432
983.577749	2387.745040
983.874686	2388.344937
984.171587	2387.432488
984.468451	2387.016593
984.765279	2387.704711
985.062070	2386.704042
985.358824	2386.036089
985.655543	2387.130019
985.952224	2385.945348
986.248869	2384.959802
986.545478	2383.618855
986.842050	2382.761859
987.138586	2382.628269
987.435086	2383.180275
987.731549	2383.356715
988.027975	2384.092724
988.324366	2384.188506
988.620719	2383.079452
988.917037	2387.293857
989.213318	2383.938969
989.509563	2385.474000
989.805772	2383.785213
990.101944	2387.523229
990.398080	2383.076931
990.694180	2387.094731
990.990244	2384.100286
991.286271	2385.105996
991.582262	2389.660678
991.878217	2385.163969
992.174136	2387.636655
992.470019	2387.336706
992.765865	2385.874772
993.061676	2384.584236
993.357450	2384.609442
993.653188	2383.999462
993.948890	2384.647251
994.244556	2386.290667
994.540186	2386.167159
994.835780	2386.668753
995.131337	2385.937786
995.426859	2385.005173
995.722345	2385.642879
996.017795	2388.760832
996.313208	2386.668753
996.608586	2385.826881
996.903928	2385.834443
997.199234	2385.647920
997.494504	2386.643548
997.789738	2386.696480
998.084936	2385.776469
998.380099	2385.468959
998.675225	2384.375028
998.970316	2384.047353
999.265371	2389.204454
999.560390	2384.846376
999.855373	2383.553320
1000.150320	2384.375028
1000.445232	2385.199257
1000.740108	2385.879813
1001.034948	2385.615152
1001.329752	2383.704555
1001.624521	2385.857128
1001.919254	2381.589791
1002.213951	2384.140615
1002.508613	2382.126674
1002.803239	2383.094575
1003.097829	2379.154914
1003.392384	2383.359236
1003.686903	2384.180944
1003.981386	2385.075749
1004.275834	2382.802188
1004.570246	2386.968702
1004.864623	2384.496016
1005.158964	2387.906357
1005.453270	2383.180275
1005.747540	2383.765049
1006.041775	2385.461397
1006.335974	2383.760008
1006.630138	2385.635317
1006.924266	2384.637168
1007.218359	2384.488454
1007.512416	2383.523073
1007.806438	2381.126005
1008.100425	2386.711603
1008.394376	2383.954092
1008.688292	2384.937117
1008.982172	2384.561551
1009.276017	2385.355533
1009.569827	2387.616490
1009.863602	2385.567261
1010.157341	2384.881664
1010.451045	2384.906870
1010.744714	2385.058105
1011.038347	2384.995090
1011.331945	2385.322765
1011.625508	2384.196068
1011.919036	2384.871582
1012.212528	2385.741181
1012.505986	2382.287991
1012.799408	2386.184803
1013.092795	2384.647251
1013.386147	2385.935266
1013.679464	2383.349154
1013.972745	2385.776469
1014.265992	2384.846376
1014.559204	2385.393342
1014.852380	2385.920142
1015.145521	2388.629762
1015.438628	2384.427961
1015.731699	2384.440563
1016.024736	2381.216746
1016.317737	2383.727240
1016.610703	2385.917622
1016.903635	2385.436191
1017.196531	2380.997455
1017.489393	2380.858824
1017.782219	2381.917466
1018.075011	2384.309493
1018.367768	2382.517363
1018.660490	2383.336551
1018.953177	2383.336551
1019.245829	2383.336551
