Dividing Wavelength (nm)	Counts (n)	Blue Motor Position (mm): 0.000000	Red Motor Position (mm): 31.200000	
326.493990	1988.049595
326.888308	1988.049595
327.282561	1988.049595
327.676750	1963.995730
328.070874	1966.329784
328.464933	1975.812194
328.858929	1982.602629
329.252859	1993.272231
329.646726	2009.333347
330.040528	2025.049144
330.434265	2044.775179
330.827938	2064.155895
331.221547	2085.212795
331.615091	2104.091916
332.008571	2124.291819
332.401986	2147.103040
332.795338	2162.796152
333.188625	2185.181396
333.581847	2205.078830
333.975006	2220.905533
334.368100	2240.034191
334.761129	2257.126223
335.154095	2271.201125
335.546996	2291.675771
335.939833	2324.178610
336.332606	2337.409119
336.725315	2350.949658
337.117960	2358.229084
337.510540	2362.188910
337.903056	2376.402444
338.295508	2382.799668
338.687896	2386.381408
339.080220	2396.415824
339.472480	2401.358676
339.864676	2403.886814
340.256807	2408.454100
340.648875	2411.577095
341.040879	2412.726478
341.432818	2413.533062
341.824694	2412.991138
342.216506	2413.223031
342.608253	2414.480799
342.999937	2412.746642
343.391557	2411.972825
343.783113	2409.737073
344.174605	2409.111970
344.566033	2406.762793
344.957397	2404.491753
345.348697	2402.936557
345.739934	2403.518810
346.131106	2401.603172
346.522215	2398.681823
346.913260	2396.599827
347.304241	2397.754251
347.695159	2394.169990
348.086012	2395.205948
348.476802	2392.251831
348.867528	2392.934908
349.258191	2390.333672
349.648789	2388.677653
350.039324	2387.336706
350.429796	2389.196892
350.820203	2388.037427
351.210548	2388.584392
351.600828	2385.980636
351.991045	2385.105996
352.381198	2383.880995
352.771288	2387.167828
353.161314	2386.787221
353.551276	2386.817468
353.941175	2386.870400
354.331010	2385.017776
354.720782	2385.867210
355.110490	2386.154556
355.500135	2383.137425
355.889717	2386.842673
356.279235	2386.961140
356.668689	2388.178579
357.058080	2388.198744
357.447408	2389.728734
357.836672	2386.898126
358.225873	2389.143960
358.615010	2387.155225
359.004084	2391.672099
359.393095	2393.212171
359.782043	2393.643190
360.170927	2395.541184
360.559748	2394.984137
360.948505	2395.475649
361.337199	2397.222409
361.725830	2397.076216
362.114398	2400.786505
362.502903	2400.829355
362.891344	2400.879766
363.279722	2400.428583
363.668037	2399.337173
364.056289	2399.972358
364.444478	2404.895045
364.832603	2403.707853
365.220665	2405.114335
365.608665	2406.253636
365.996601	2407.186250
366.384474	2407.418143
366.772284	2410.001734
367.160031	2408.227248
367.547715	2408.663308
367.935336	2412.257650
368.322893	2411.319996
368.710388	2413.500295
369.097820	2418.919535
369.485189	2415.965419
369.872495	2419.085893
370.259738	2417.858372
370.646918	2422.649989
371.034035	2422.226532
371.421090	2428.396904
371.808081	2431.726587
372.195010	2433.874118
372.581875	2441.294697
372.968678	2447.490275
373.355418	2456.967644
373.742096	2465.693881
374.128710	2475.672845
374.515262	2487.945534
374.901751	2500.235867
375.288177	2519.162879
375.674540	2538.707433
376.060841	2559.872717
376.447079	2585.025554
376.833254	2610.125459
377.219367	2637.393061
377.605417	2672.514779
377.991404	2697.402956
378.377329	2739.786457
378.763191	2772.097732
379.148991	2822.572285
379.534727	2870.826210
379.920402	2920.015269
380.306013	2967.951601
380.691563	3032.402753
381.077049	3089.907194
381.462474	3144.626399
381.847835	3218.645661
382.233134	3294.872948
382.618371	3354.678677
383.003545	3437.451902
383.388657	3522.596991
383.773706	3616.987555
384.158693	3688.907177
384.543618	3785.079789
384.928480	3866.771687
385.313280	3972.807317
385.698017	4076.541661
386.082692	4197.859548
386.467305	4260.626955
386.851856	4390.005648
387.236344	4551.446079
387.620770	4610.969503
388.005133	4735.478442
388.389435	4881.727356
388.773674	4970.691118
389.157851	5104.800934
389.541965	5242.094238
389.926018	5267.176499
390.310008	5447.281803
390.693936	5571.400052
391.077802	5689.720974
391.461606	5823.641746
391.845348	5940.248676
392.229027	6062.242078
392.612645	6284.642663
392.996200	6406.227732
393.379694	6583.772129
393.763125	6811.412993
394.146494	6902.279791
394.529801	7041.876902
394.913047	7293.581714
395.296230	7283.811958
395.679351	7352.195210
396.062410	7615.471990
396.445408	7507.419898
396.828343	7664.630802
397.211217	7809.674880
397.594028	7692.430244
397.976778	7894.295688
398.359466	8061.934218
398.742092	8034.041514
399.124656	8190.385339
399.507158	8372.968370
399.889598	8390.100731
400.271977	8605.932692
400.654294	8643.794278
401.036549	8843.441614
401.418742	8868.075212
401.800874	9176.157768
402.182944	9256.158359
402.564952	9626.937745
402.946898	9444.314385
403.328783	9503.363941
403.710606	9704.390032
404.092367	9961.980391
404.474067	10334.166259
404.855705	10119.125759
405.237282	10070.420652
405.618797	10500.070632
406.000250	10752.519014
406.381642	11118.345466
406.762972	11070.832591
407.144240	10866.219718
407.525447	11126.005499
407.906593	11066.340923
408.287677	11325.085706
408.668700	11485.190232
409.049661	11458.053700
409.430560	11621.654266
409.811399	11596.335071
410.192176	11751.894996
410.572891	11826.388127
410.953545	12322.845999
411.334138	11793.262705
411.714669	12400.968760
412.095139	11701.929600
412.475547	12211.282743
412.855894	12051.679813
413.236180	12381.956048
413.616405	12057.925802
413.996568	12350.710977
414.376670	12312.017600
414.756711	12191.022346
415.136691	12476.742343
415.516609	12658.617092
415.896466	12733.160634
416.276262	13017.983305
416.655997	13463.495277
417.035670	13491.844205
417.415283	14151.678312
417.794834	14252.166152
418.174324	13995.873890
418.553753	13892.056368
418.933121	14397.134613
419.312428	14193.252707
419.691674	14102.910189
420.070859	14570.567949
420.449983	14213.656778
420.829045	14775.891625
421.208047	14516.322613
421.586988	14979.647502
421.965867	15241.923613
422.344686	15235.934722
422.723444	15804.468491
423.102141	14476.610924
423.480777	15677.678431
423.859352	15179.816597
424.237866	16295.794468
424.616319	15997.262379
424.994712	16659.135632
425.373044	16451.548478
425.751314	17137.422665
426.129524	16255.253509
426.507673	17353.552053
426.885762	17051.987710
427.263789	17255.451200
427.641756	17415.601096
428.019662	17476.004201
428.397508	17518.788474
428.775292	17821.862643
429.153016	17783.902754
429.530679	17865.937451
429.908282	17891.828817
430.285824	17602.325434
430.663305	18311.182241
431.040726	17910.249193
431.418086	17738.817195
431.795385	18398.928565
432.172624	18811.925094
432.549802	18374.287405
432.926920	18556.855312
433.303977	18445.024876
433.680974	18701.599442
434.057910	18987.216095
434.434786	19023.580458
434.811601	18930.813145
435.188355	19973.865685
435.565050	19617.249421
435.941683	19560.647345
436.318257	20456.609098
436.694770	20271.409708
437.071222	20862.280830
437.447614	19928.326422
437.823946	19953.365833
438.200218	20104.504666
438.576429	19885.864783
438.952580	20151.886471
439.328670	20122.012593
439.704700	20539.336953
440.080670	20104.096333
440.456580	20699.517096
440.832429	20878.309179
441.208218	19860.071719
441.583947	20318.093313
441.959616	20420.736247
442.335224	20656.432874
442.710773	20788.264089
443.086261	21334.997388
443.461689	20698.372754
443.837057	20816.756690
444.212365	21459.836522
444.587612	21454.795368
444.962800	21030.413393
445.337927	21453.076334
445.712995	20186.125988
446.088002	22046.329401
446.462949	22235.148339
446.837837	22413.660638
447.212664	22376.935832
447.587431	25214.429933
447.962139	28162.131219
448.336786	30567.893342
448.711374	29017.516724
449.085901	25304.167513
449.460369	25246.035447
449.834776	25164.784650
450.209124	27656.906780
450.583412	27180.343822
450.957640	27716.871305
451.331808	26366.174791
451.705917	24982.604912
452.079965	25033.482757
452.453954	25389.922581
452.827883	25274.936382
453.201752	25065.718415
453.575562	25229.870987
453.949311	26361.244542
454.323001	26412.518118
454.696632	26181.008169
455.070202	27734.850580
455.443713	27876.459113
455.817164	28475.764085
456.190556	29005.480969
456.563888	28441.232181
456.937160	28884.591579
457.310373	27204.962297
457.683526	27664.569334
458.056619	27638.599830
458.429653	27571.272700
458.802628	28152.583273
459.175542	28266.775490
459.548398	29565.434694
459.921194	31139.562709
460.293930	31804.647177
460.666607	33814.126718
461.039224	35589.492553
461.411782	36000.026478
461.784280	34810.881300
462.156719	34331.291129
462.529099	33768.728607
462.901419	32479.939982
463.273680	31413.917425
463.645882	31484.233959
464.018024	31460.779991
464.390106	32297.278813
464.762130	34986.633567
465.134094	39023.425730
465.505999	44322.706817
465.877845	48916.843908
466.249631	50113.797833
466.621358	48429.467675
466.993026	46338.331524
467.364634	44249.340385
467.736184	42263.216510
468.107674	41015.649400
468.479105	40222.822094
468.850477	39524.685301
469.221790	38083.842873
469.593043	36351.170570
469.964238	35443.810768
470.335373	35357.377665
470.706449	37068.292348
471.077467	39637.128237
471.448425	44192.703021
471.819324	47036.420427
472.190164	45195.572523
472.560945	41640.404638
472.931667	38517.190540
473.302330	37406.916734
473.672934	36597.196521
474.043479	37087.410924
474.413965	36274.928159
474.784393	35888.559005
475.154761	36781.213760
475.525070	36817.172311
475.895321	36343.939034
476.265513	36934.260670
476.635645	37890.353306
477.005719	37698.313071
477.375734	38172.572222
477.745691	38842.186167
478.115588	40188.174243
478.485427	42116.110600
478.855207	45441.129648
479.224928	48047.600271
479.594591	49684.278922
479.964194	48682.460501
480.333739	48837.445735
480.703226	48842.849852
481.072653	49451.508685
481.442022	49909.840310
481.811333	50165.411687
482.180584	48847.528043
482.549777	48295.531779
482.918912	47744.216071
483.287988	47425.721012
483.657005	46574.688543
484.025964	45911.791936
484.394864	45900.051088
484.763706	45450.443180
485.132489	44551.895315
485.501213	44345.449983
485.869879	44457.963496
486.238487	44010.518242
486.607036	44158.067774
486.975527	43563.708174
487.343959	43725.914860
487.712333	43750.203140
488.080648	43610.280873
488.448905	44009.285680
488.817104	43777.763128
489.185244	44652.917518
489.553326	46199.064608
489.921350	48797.976021
490.289315	51612.789970
490.657222	52140.482832
491.025070	52360.413250
491.392861	51383.694734
491.760593	50052.769625
492.128267	48290.472981
492.495883	46708.574027
492.863440	45259.310352
493.230939	43842.708313
493.598380	42682.617825
493.965763	42244.962492
494.333088	41366.072607
494.700354	40783.572321
495.067563	40395.325337
495.434713	40163.008803
495.801805	40119.654880
496.168839	39613.228127
496.535815	39176.361734
496.902733	39068.695291
497.269593	38556.498937
497.636395	38348.997483
498.003139	38585.793082
498.369825	37939.275183
498.736453	38084.127698
499.103023	37508.291818
499.469535	37243.540500
499.835989	37182.386263
500.202385	36717.692701
500.568723	36574.559220
500.935003	36580.590961
501.301226	36229.638433
501.667390	36624.149050
502.033497	36683.120468
502.399546	35996.563205
502.765537	35235.923666
503.131470	35407.564872
503.497345	35529.354108
503.863163	34184.606155
504.228923	34527.984349
504.594625	34696.994073
504.960269	33887.341915
505.325856	34295.950120
505.691385	33555.089548
506.056856	33482.063393
506.422270	33636.116013
506.787625	33081.490788
507.152924	33038.361196
507.518164	32911.929058
507.883347	32045.586605
508.248472	32054.514488
508.613540	32225.782649
508.978550	32255.704417
509.343503	31811.273774
509.708398	31734.653277
510.073236	31942.089196
510.438016	31714.970091
510.802738	31055.718238
511.167403	31298.641360
511.532010	31238.331516
511.896561	31231.868757
512.261053	31625.880300
512.625488	31032.123118
512.989866	30698.164319
513.354186	30327.213534
513.718449	30076.932849
514.082655	30308.334413
514.446803	29839.363432
514.810894	29940.095769
515.174927	29620.801687
515.538904	29310.120417
515.902822	29505.155097
516.266684	28863.141470
516.630488	28890.570388
516.994235	28521.752011
517.357925	28650.419901
517.721558	28490.080962
518.085133	28408.273117
518.448651	28225.785868
518.812112	27803.730386
519.175516	27590.456811
519.538863	27545.986272
519.902152	27242.418070
520.265385	27253.443073
520.628560	27005.103232
520.991678	26606.668076
521.354739	26468.210265
521.717743	26391.713276
522.080690	26061.835292
522.443580	26095.318636
522.806413	25853.320566
523.169189	25534.276021
523.531908	25377.675098
523.894569	25018.046744
524.257174	24835.713250
524.619722	24726.547064
524.982213	24445.558190
525.344647	24133.062104
525.707025	23887.230237
526.069345	23819.025946
526.431608	23504.750333
526.793815	23396.874681
527.155964	22882.437534
527.518057	22698.379966
527.880093	22327.472031
528.242072	22326.330209
528.603995	21914.498187
528.965860	21667.610198
529.327669	21450.833021
529.689421	21141.759879
530.051117	20870.664269
530.412755	20680.222079
530.774337	20453.531473
531.135862	20129.037441
531.497331	19955.886410
531.858743	19665.883952
532.220098	19554.998732
532.581396	19195.657724
532.942638	18819.988419
533.303824	18701.954843
533.664953	18452.906720
534.026025	18099.287421
534.387040	18054.285041
534.747999	17795.542779
535.108902	17616.833875
535.469748	17206.569651
535.830537	17026.066097
536.191270	16875.118827
536.551947	16535.713062
536.912567	16417.918941
537.273131	16240.571148
537.633638	15854.328023
537.994089	15753.762045
538.354483	15420.758545
538.714821	15393.838784
539.075103	15296.360513
539.435328	15038.777716
539.795497	14785.787410
540.155609	14585.018417
540.515665	14516.282284
540.875665	14181.859700
541.235609	14073.600921
541.595496	13881.394327
541.955328	13866.805228
542.315102	13518.567362
542.674821	13273.673149
543.034483	13096.489194
543.394090	12904.728743
543.753640	12706.560985
544.113134	12776.678394
544.472571	12354.305319
544.831953	12471.207156
545.191278	12132.391206
545.550548	11893.616954
545.909761	11829.178405
546.268918	11706.824560
546.628019	11604.766401
546.987064	11352.615447
547.346053	11048.104549
547.704986	11069.166490
548.063863	10830.596405
548.422684	10711.907478
548.781449	10534.516836
549.140158	10457.669487
549.498811	10287.149938
549.857408	10043.377382
550.215949	10042.555674
550.574434	9886.247137
550.932864	9716.745901
551.291237	9691.283033
551.649555	9500.490483
552.007817	9401.096573
552.366022	9214.962050
552.724173	9109.115463
553.082267	9044.099702
553.440305	8952.310372
553.798288	8735.944049
554.156215	8648.263261
554.514086	8558.520640
554.871902	8405.995489
555.229661	8291.621791
555.587365	8154.436871
555.945014	8047.912249
556.302606	7926.178466
556.660143	7840.062955
557.017625	7736.963797
557.375050	7602.927078
557.732421	7540.608335
558.089735	7425.977537
558.446994	7313.005280
558.804197	7264.237157
559.161345	7156.043913
559.518437	6979.439691
559.875474	6909.120636
560.232455	6827.388409
560.589381	6748.920329
560.946251	6631.907586
561.303065	6599.558502
561.659825	6492.643191
562.016528	6376.253031
562.373177	6261.980155
562.729770	6216.962652
563.086307	6090.081850
563.442789	6047.509306
563.799216	5971.196319
564.155587	5876.815837
564.511904	5797.415143
564.868164	5729.372169
565.224370	5677.773439
565.580520	5583.365230
565.936615	5526.639647
566.292654	5439.828457
566.648638	5386.931630
567.004567	5317.167102
567.360441	5257.406743
567.716260	5179.687274
568.072023	5139.801665
568.427732	5076.963682
568.783385	4993.953523
569.138982	4955.509683
569.494525	4899.764604
569.850013	4832.543338
570.205445	4781.763796
570.560823	4730.558275
570.916145	4671.188607
571.271412	4621.245895
571.626625	4564.336310
571.981782	4517.090616
572.336884	4461.413592
572.691931	4433.533491
573.046923	4374.231878
573.401860	4327.883509
573.756743	4288.628044
574.111570	4245.092639
574.466342	4202.567986
574.821059	4164.051050
575.175722	4115.227475
575.530330	4080.846806
575.884882	4031.690515
576.239380	3998.391173
576.593823	3965.232984
576.948211	3929.168569
577.302544	3885.063514
577.656823	3857.952189
578.011047	3837.313705
578.365216	3796.724855
578.719330	3764.766460
579.073389	3730.980647
579.427394	3710.566494
579.781344	3690.361550
580.135239	3653.871158
580.489080	3634.429948
580.842866	3596.880913
581.196597	3591.121395
581.550273	3569.462078
581.903895	3543.316133
582.257463	3536.326573
582.610975	3503.254083
582.964434	3486.487206
583.317837	3466.007518
583.671186	3445.295938
584.024481	3432.786314
584.377721	3401.533681
584.730906	3393.911457
585.084037	3381.169940
585.437113	3356.072556
585.790135	3340.712160
586.143103	3319.793892
586.496016	3308.771409
586.848874	3291.137453
587.201679	3282.375928
587.554428	3256.204777
587.907124	3250.662029
588.259765	3231.142681
588.612352	3229.078329
588.964884	3208.081923
589.317362	3203.227292
589.669786	3193.518029
590.022155	3177.154444
590.374470	3174.568332
590.726731	3156.568892
591.078937	3138.728249
591.431090	3129.689460
591.783188	3116.287552
592.135232	3104.486211
592.487222	3098.807352
592.839157	3095.233173
593.191038	3078.476378
593.542866	3067.678227
593.894639	3048.683159
594.246358	3051.153324
594.598022	3041.968342
594.949633	3032.337218
595.301190	3021.902029
595.652692	3014.710823
596.004141	3008.565657
596.355535	2992.640652
596.706876	2984.642861
597.058162	2974.822693
597.409395	2976.650112
597.760573	2972.859164
598.111698	2961.249387
598.462768	2955.333593
598.813785	2951.618262
599.164748	2941.248609
599.515657	2939.433793
599.866511	2926.916608
600.217312	2929.888368
600.568060	2913.945719
600.918753	2919.092738
601.269392	2914.316244
601.619978	2902.640932
601.970510	2904.133113
602.320988	2897.065416
602.671412	2899.023904
603.021783	2892.591392
603.372100	2882.249465
603.722363	2881.001779
604.072572	2876.121942
604.422728	2873.868546
604.772830	2863.327494
605.122878	2858.949252
605.472872	2857.197451
605.822813	2852.831811
606.172701	2851.929445
606.522534	2852.161338
606.872314	2849.182016
607.222041	2841.179184
607.571714	2844.219000
607.921333	2832.889007
608.270899	2836.642146
608.620411	2832.881445
608.969870	2827.961279
609.319276	2822.554641
609.668627	2823.325938
610.017926	2823.101607
610.367171	2821.662357
610.716362	2818.738488
611.065500	2813.049546
611.414585	2810.896973
611.763616	2810.730615
612.112594	2807.169040
612.461518	2806.359935
612.810389	2804.174594
613.159207	2799.967752
613.507971	2796.953142
613.856682	2797.258131
614.205340	2792.511885
614.553945	2797.104376
614.902496	2790.371915
615.250994	2791.133129
615.599439	2786.028961
615.947830	2787.188427
616.296169	2783.377314
616.644454	2778.978907
616.992686	2779.140224
617.340864	2780.718106
617.688990	2776.274328
618.037063	2778.119391
618.385082	2775.387085
618.733048	2774.711571
619.080961	2773.569749
619.428821	2768.125303
619.776628	2767.595982
620.124382	2766.287803
620.472083	2760.921494
620.819731	2760.432502
621.167326	2756.386977
621.514868	2753.589136
621.862357	2748.623600
622.209793	2746.597056
622.557176	2741.621437
622.904506	2738.322002
623.251783	2730.606516
623.599007	2726.359344
623.946179	2724.438664
624.293297	2722.991853
624.640363	2718.268292
624.987376	2717.370966
625.334336	2713.610266
625.681243	2709.834441
626.028097	2707.601210
626.374899	2706.378730
626.721647	2704.919316
627.068343	2700.074767
627.414987	2699.237936
627.761577	2696.551001
628.108115	2697.319777
628.454600	2691.219981
628.801032	2690.589837
629.147412	2690.728468
629.493739	2689.604291
629.840014	2684.898374
630.186236	2681.798064
630.532405	2682.834021
630.878521	2678.385203
631.224585	2679.406037
631.570597	2676.172137
631.916556	2674.445541
632.262462	2674.720284
632.608316	2673.525531
632.954117	2674.206087
633.299866	2671.882115
633.645562	2669.109480
633.991206	2666.122596
634.336797	2661.260403
634.682336	2662.555980
635.027823	2659.448109
635.373257	2657.076246
635.718639	2655.647079
636.063968	2652.067859
636.409245	2650.863024
636.754470	2650.101809
637.099642	2648.014772
637.444762	2643.218114
637.789829	2644.657363
638.134845	2641.665438
638.479808	2639.109573
638.824719	2638.960859
639.169577	2634.353245
639.514383	2635.452216
639.859137	2629.609519
640.203839	2632.999695
640.548489	2628.208078
640.893086	2627.555249
641.237632	2623.572737
641.582125	2627.845115
641.926566	2624.046606
642.270955	2626.733541
642.615292	2625.125413
642.959576	2624.323869
643.303809	2624.371760
643.647990	2625.417800
643.992118	2624.134826
644.336195	2620.895885
644.680219	2621.581482
645.024192	2625.349744
645.368112	2628.326545
645.711981	2626.776391
646.055797	2628.145064
646.399562	2627.736730
646.743274	2632.916516
647.086935	2636.596558
647.430544	2633.125724
647.774101	2630.784108
648.117606	2633.317288
648.461059	2637.761065
648.804460	2634.012967
649.147810	2629.954838
649.491108	2629.788480
649.834354	2625.563993
650.177548	2620.908488
650.520690	2617.845987
650.863781	2615.786675
651.206820	2620.749691
651.549807	2613.457662
651.892742	2612.222579
652.235626	2610.541355
652.578458	2610.521190
652.921238	2606.861312
653.263967	2606.944491
653.606644	2602.709922
653.949269	2604.935592
654.291843	2602.283945
654.634365	2603.450972
654.976836	2604.249995
655.319255	2600.665734
655.661622	2602.659511
656.003938	2599.644901
656.346203	2597.225147
656.688416	2602.273862
657.030577	2599.060127
657.372687	2598.150198
657.714746	2598.737493
658.056753	2595.927050
658.398708	2591.332038
658.740612	2595.435537
659.082465	2589.875144
659.424266	2593.492172
659.766016	2592.262131
660.107715	2594.825557
660.449362	2595.107862
660.790958	2594.069384
661.132503	2596.675661
661.473996	2595.221288
661.815438	2594.518047
662.156829	2597.136927
662.498168	2596.098449
662.839456	2595.266658
663.180693	2593.280444
663.521879	2594.649117
663.863013	2596.529467
664.204097	2598.263624
664.545129	2597.172215
664.886110	2597.502410
665.227040	2595.541401
665.567918	2595.657348
665.908746	2595.682554
666.249522	2598.654314
666.590248	2597.099118
666.930922	2598.858481
667.271545	2598.480394
667.612118	2597.585589
667.952639	2597.784715
668.293109	2595.738006
668.633528	2596.658017
668.973896	2597.830085
669.314213	2595.135588
669.654480	2595.990064
669.994695	2595.906885
670.334859	2593.696339
670.674973	2594.651638
671.015035	2592.824219
671.355047	2592.657861
671.695008	2593.575351
672.034918	2592.703232
672.374777	2592.226843
672.714585	2592.040320
673.054342	2591.947059
673.394049	2590.795155
673.733705	2593.943356
674.073310	2591.243818
674.412864	2591.994950
674.752368	2591.563931
675.091820	2592.007552
675.431223	2590.069229
675.770574	2585.557396
676.109875	2580.178485
676.449125	2580.919535
676.788324	2580.261664
677.127473	2580.312076
677.466571	2575.603638
677.805619	2578.799729
678.144616	2578.577919
678.483562	2574.136662
678.822458	2578.136818
679.161303	2575.769996
679.500098	2577.607497
679.838842	2574.731518
680.177535	2573.501477
680.516179	2579.709658
680.854771	2580.405337
681.193314	2581.960533
681.531805	2585.877509
681.870247	2591.314394
682.208638	2592.045361
682.546978	2598.520723
682.885268	2596.103490
683.223508	2594.669282
683.561697	2592.844384
683.899836	2592.393201
684.237925	2587.591502
684.575963	2587.102510
684.913951	2586.053950
685.251889	2585.380956
685.589776	2587.951944
685.927614	2589.570155
686.265401	2586.668971
686.603137	2587.105030
686.940824	2591.034610
687.278460	2592.536874
687.616046	2592.685588
687.953582	2595.357399
688.291068	2596.353027
688.628504	2593.623242
688.965889	2597.925867
689.303224	2596.552153
689.640510	2591.266503
689.977745	2591.440423
690.314930	2588.531677
690.652065	2581.617734
690.989150	2578.288052
691.326185	2575.429718
691.663170	2574.345870
692.000105	2566.748851
692.336990	2563.903120
692.673825	2561.614436
693.010610	2564.568552
693.347345	2553.296532
693.684030	2552.318548
694.020665	2552.008517
694.357251	2544.414019
694.693786	2549.109854
695.030272	2547.461397
695.366707	2546.128011
695.703093	2543.715819
696.039429	2542.107691
696.375716	2545.724719
696.711952	2542.453010
697.048139	2541.419574
697.384276	2540.502084
697.720363	2542.435366
698.056400	2541.598535
698.392388	2538.120138
698.728326	2539.788760
699.064214	2537.079140
699.400053	2539.178781
699.735842	2536.907741
700.071581	2536.338091
700.407270	2533.187369
700.742910	2530.341638
701.078501	2531.002029
701.414042	2532.824406
701.749533	2525.547501
702.084974	2526.548170
702.420366	2527.135464
702.755709	2527.574045
703.091002	2524.549352
703.426246	2525.698735
703.761440	2524.337624
704.096584	2522.797551
704.431679	2522.616070
704.766725	2524.776204
705.101721	2523.493231
705.436668	2520.675226
705.771565	2520.342509
706.106413	2523.430216
706.441212	2521.028106
706.775961	2524.231760
707.110661	2520.518950
707.445311	2526.066740
707.779913	2522.172448
708.114465	2525.988602
708.448967	2526.633869
708.783421	2530.427338
709.117825	2531.763243
709.452180	2534.936650
709.786485	2535.667617
710.120742	2540.307999
710.454949	2539.342618
710.789107	2539.239275
711.123216	2537.328677
711.457275	2546.228834
711.791286	2545.422250
712.125247	2548.041129
712.459159	2548.686397
712.793023	2554.866852
713.126837	2549.051881
713.460602	2551.688404
713.794318	2547.607590
714.127985	2546.314534
714.461602	2541.142310
714.795171	2542.624409
715.128691	2533.953625
715.462162	2533.230219
715.795584	2529.618232
716.128957	2528.473891
716.462281	2526.674199
716.795556	2526.570855
717.128782	2526.321318
717.461960	2521.383508
717.795088	2521.368384
718.128167	2519.868641
718.461198	2516.780934
718.794180	2517.698424
719.127113	2511.475120
719.459997	2512.687517
719.792833	2511.167609
720.125619	2507.608555
720.458357	2510.723988
720.791046	2508.142917
721.123686	2505.816425
721.456278	2506.436487
721.788821	2505.398009
722.121315	2504.820797
722.453761	2504.132679
722.786158	2504.679644
723.118506	2502.922802
723.450805	2500.573625
723.783056	2504.906496
724.115259	2504.593945
724.447412	2504.324243
724.779518	2507.527896
725.111574	2505.760972
725.443582	2508.992352
725.775542	2505.171157
726.107453	2512.551406
726.439315	2510.691220
726.771129	2515.334123
727.102895	2512.690038
727.434612	2513.110974
727.766281	2520.377798
728.097901	2516.100378
728.429473	2514.862775
728.760996	2514.877899
729.092471	2513.340347
729.423897	2518.194978
729.755276	2518.862931
730.086606	2522.006090
730.417887	2520.403003
730.749120	2523.762932
731.080305	2526.505320
731.411442	2528.257121
731.742530	2528.582275
732.073570	2530.361803
732.404562	2531.412883
732.735506	2530.119827
733.066401	2529.648479
733.397249	2524.468694
733.728048	2523.470545
734.058798	2518.343692
734.389501	2517.504340
734.720156	2510.358504
735.050762	2506.857423
735.381320	2505.909686
735.711831	2503.762154
736.042293	2503.628564
736.372707	2505.692916
736.703073	2501.037411
737.033391	2503.555467
737.363661	2502.887514
737.693883	2504.097391
738.024056	2506.013030
738.354182	2504.402381
738.684260	2506.144100
739.014290	2510.197187
739.344272	2511.659122
739.674207	2509.854389
740.004093	2514.280522
740.333931	2513.380676
740.663722	2517.998373
740.993464	2511.160048
741.323159	2512.851355
741.652806	2512.201046
741.982405	2509.955212
742.311956	2508.460510
742.641460	2509.763648
742.970915	2506.917917
743.300323	2505.007319
743.629683	2503.507576
743.958996	2502.607730
744.288260	2499.623367
744.617477	2494.511637
744.946647	2493.611791
745.275768	2492.394352
745.604842	2488.547952
745.933869	2492.457367
746.262847	2490.299753
746.591778	2494.622542
746.920662	2489.649444
747.249498	2490.486276
747.578286	2493.241266
747.907027	2496.119765
748.235720	2497.256545
748.564365	2495.784528
748.892963	2496.591113
749.221514	2496.379385
749.550017	2494.045330
749.878473	2494.007522
750.206881	2494.178921
750.535242	2493.258910
750.863555	2493.536174
751.191821	2489.422592
751.520039	2492.638848
751.848210	2491.774291
752.176334	2490.836636
752.504411	2492.306132
752.832440	2488.036275
753.160421	2490.738333
753.488356	2490.135916
753.816243	2490.239259
754.144082	2490.556852
754.471875	2489.563745
754.799620	2486.801192
755.127318	2490.408138
755.454969	2487.471666
755.782572	2487.892602
756.110129	2488.069042
756.437638	2486.448312
756.765100	2488.681543
757.092515	2488.563076
757.419882	2487.287664
757.747203	2489.478045
758.074477	2487.504433
758.401703	2487.096100
758.728882	2489.770432
759.056014	2489.334372
759.383099	2492.132212
759.710138	2493.596668
760.037129	2494.078098
760.364073	2494.819148
760.690970	2493.548777
761.017820	2495.598006
761.344623	2492.749754
761.671379	2500.460199
761.998088	2499.328460
762.324751	2511.399503
762.651366	2531.304498
762.977935	2560.707028
763.304456	2573.589697
763.630931	2581.247210
763.957359	2575.432239
764.283740	2560.840619
764.610074	2548.013403
764.936362	2534.692154
765.262602	2519.084742
765.588796	2511.109636
765.914943	2504.334325
766.241044	2495.290495
766.567097	2492.331338
766.893104	2488.152222
767.219064	2482.712817
767.544978	2482.662405
767.870845	2477.452373
768.196665	2476.277784
768.522438	2474.392392
768.848165	2478.982363
769.173846	2474.939357
769.499479	2471.135807
769.825066	2467.939715
770.150607	2469.910806
770.476101	2469.734366
770.801548	2468.562298
771.126949	2468.960549
771.452303	2467.917030
771.777611	2464.713377
772.102872	2465.968624
772.428087	2463.253963
772.753256	2461.240022
773.078378	2463.485856
773.403453	2462.220526
773.728482	2460.410752
774.053465	2461.071143
774.378401	2459.866307
774.703291	2462.533078
775.028135	2456.118209
775.352932	2456.380349
775.677683	2455.533436
776.002388	2459.505865
776.327046	2455.649382
776.651658	2458.147274
776.976224	2453.103599
777.300743	2457.025617
777.625216	2454.215174
777.949643	2450.880451
778.274024	2456.884465
778.598359	2453.269958
778.922647	2450.557817
779.246889	2450.265430
779.571086	2449.476489
779.895236	2453.872375
780.219339	2455.508230
780.543397	2454.799948
780.867409	2454.126954
781.191374	2455.409927
781.515294	2453.282560
781.839167	2457.401183
782.162995	2454.963785
782.486776	2453.683332
782.810511	2455.992181
783.134201	2454.436985
783.457844	2456.271965
783.781441	2454.555452
784.104993	2453.227108
784.428498	2451.003959
784.751958	2453.786676
785.075372	2451.765173
785.398739	2453.035544
785.722061	2452.347426
786.045337	2455.238528
786.368568	2453.791717
786.691752	2454.202571
787.014891	2456.259362
787.337983	2459.251287
787.661030	2462.659107
787.984031	2467.768316
788.306987	2469.688996
788.629897	2466.787812
788.952760	2468.090950
789.275579	2467.082719
789.598351	2468.166567
789.921078	2465.217492
790.243759	2462.727162
790.566395	2460.009980
790.888984	2454.235338
791.211529	2457.103755
791.534027	2456.029989
791.856480	2452.690225
792.178888	2453.353137
792.501249	2453.373301
792.823566	2451.339196
793.145836	2451.709720
793.468062	2454.174845
793.790241	2449.007662
794.112375	2452.014710
794.434464	2451.634103
794.756507	2452.221397
795.078505	2453.615277
795.400457	2453.214505
795.722364	2453.237190
796.044226	2457.386060
796.366042	2458.817747
796.687812	2457.907819
797.009538	2459.765484
797.331218	2461.857563
797.652852	2460.183900
797.974442	2461.960907
798.295986	2458.739609
798.617484	2458.094342
798.938938	2457.146605
799.260346	2456.211471
799.581709	2455.540997
799.903026	2453.968157
800.224299	2453.942952
800.545526	2452.652416
800.866708	2450.068825
801.187845	2453.204422
801.508936	2452.072683
801.829983	2450.199895
802.150984	2450.018413
802.471940	2447.487754
802.792851	2448.188474
803.113717	2449.567230
803.434538	2447.039091
803.755314	2446.938268
804.076045	2447.979267
804.396731	2447.364246
804.717372	2448.107816
805.037967	2447.623865
805.358518	2446.741663
805.679024	2450.653599
805.999485	2448.206118
806.319901	2449.181582
806.640272	2447.507919
806.960598	2451.621500
807.280879	2449.083279
807.601115	2452.566717
807.921306	2452.478496
808.241453	2450.562858
808.561554	2449.395831
808.881611	2448.821139
809.201623	2449.647888
809.521590	2450.431788
809.841513	2448.372477
810.161390	2449.826849
810.481223	2450.207457
810.801011	2449.279884
811.120755	2446.784513
811.440453	2447.250820
811.760107	2447.903649
812.079716	2447.543207
812.399281	2441.382917
812.718801	2444.521035
813.038276	2440.954419
813.357707	2447.001283
813.677093	2446.824842
813.996434	2444.442897
814.315731	2445.919955
814.634983	2446.706375
814.954191	2446.865172
815.273354	2448.319544
815.592473	2446.003134
815.911547	2448.899277
816.230577	2451.041768
816.549562	2452.004628
816.868502	2450.812395
817.187399	2452.670060
817.506250	2453.905143
817.825058	2454.905812
818.143821	2457.761626
818.462539	2460.060392
818.781213	2463.561473
819.099843	2467.773357
819.418429	2474.087402
819.736970	2484.094093
820.055466	2494.252018
820.373919	2503.862978
820.692327	2527.281658
821.010691	2561.909343
821.329011	2639.525469
821.647286	2754.408324
821.965517	2880.875750
822.283704	2954.584981
822.601847	2977.963332
822.919945	2930.021959
823.237999	2868.149357
823.556010	2804.557722
823.873976	2749.478075
824.191897	2696.301464
824.509775	2657.963489
824.827609	2622.993005
825.145398	2596.441247
825.463144	2587.568817
825.780845	2587.578899
826.098502	2605.802670
826.416116	2634.050776
826.733685	2661.593120
827.051210	2668.592762
827.368692	2654.124650
827.686129	2626.158849
828.003522	2592.882193
828.320872	2557.417675
828.638177	2537.749614
828.955439	2519.218332
829.272656	2504.956908
829.589830	2488.807572
829.906960	2485.001500
830.224046	2475.866930
830.541088	2473.507670
830.858086	2467.992647
831.175041	2461.580300
831.491952	2462.021401
831.808819	2461.456791
832.125642	2465.865280
832.442421	2476.950778
832.759157	2492.043992
833.075849	2519.074659
833.392497	2540.602907
833.709101	2554.488765
834.025662	2556.502706
834.342179	2542.561395
834.658653	2520.728158
834.975083	2508.480674
835.291469	2496.775115
835.607811	2486.158445
835.924110	2475.652681
836.240366	2469.119345
836.556578	2463.412759
836.872746	2458.548046
837.188871	2450.976233
837.504952	2449.158897
837.820990	2445.776282
838.136984	2444.919286
838.452935	2442.844851
838.768842	2445.567074
839.084706	2445.952723
839.400526	2459.596606
839.716303	2473.535396
840.032037	2483.287508
840.347727	2479.317599
840.663373	2471.854171
840.978977	2462.535598
841.294537	2454.661316
841.610054	2453.443877
841.925527	2449.284925
842.240957	2442.829728
842.556344	2444.568926
842.871687	2438.385951
843.186987	2435.073913
843.502244	2435.784715
843.817458	2431.136772
844.132629	2431.650969
844.447756	2430.141144
844.762840	2422.962541
845.077881	2425.115113
845.392879	2425.896492
845.707833	2426.541760
846.022745	2424.381625
846.337613	2427.733993
846.652438	2425.067222
846.967221	2424.991605
847.281960	2426.594692
847.596656	2426.556883
847.911309	2422.171079
848.225919	2422.062695
848.540485	2423.570000
848.855009	2424.419434
849.169490	2421.518250
849.483928	2424.656368
849.798323	2423.917839
850.112675	2422.740730
850.426984	2424.938673
850.741251	2422.097983
851.055474	2423.968251
851.369654	2421.041861
851.683792	2421.843404
851.997887	2422.065215
852.311938	2422.551687
852.625947	2424.013621
852.939914	2422.211409
853.253837	2423.496903
853.567718	2423.627973
853.881555	2422.471028
854.195350	2422.793662
854.509103	2422.226532
854.822812	2424.409352
855.136479	2421.165369
855.450103	2425.019331
855.763685	2423.428847
856.077224	2424.058992
856.390720	2423.416244
856.704173	2426.602254
857.017584	2424.908426
857.330953	2424.159815
857.644278	2425.697367
857.957561	2426.970258
858.270802	2425.687284
858.584000	2425.830957
858.897155	2426.113262
859.210268	2424.822726
859.523339	2424.731986
859.836367	2422.783580
860.149352	2424.696697
860.462295	2424.323652
860.775195	2420.608322
861.088054	2420.739392
861.400869	2418.453228
861.713642	2421.379618
862.026373	2424.532860
862.339062	2425.450350
862.651708	2422.841553
862.964312	2421.130081
863.276873	2424.411872
863.589392	2426.516554
863.901869	2427.202151
864.214303	2426.405649
864.526696	2423.617891
864.839045	2426.811462
865.151353	2426.040165
865.463619	2423.617891
865.775842	2427.613005
866.088023	2429.344641
866.400162	2429.906730
866.712258	2426.677871
867.024313	2426.468663
867.336325	2427.865063
867.648296	2426.108221
867.960224	2426.161153
868.272110	2425.785587
868.583954	2428.575865
868.895755	2430.534354
869.207515	2427.204672
869.519233	2432.679365
869.830909	2428.812800
870.142542	2428.107038
870.454134	2430.526792
870.765684	2431.744231
871.077191	2431.663572
871.388657	2430.824220
871.700081	2430.171391
872.011463	2433.392688
872.322803	2431.277924
872.634101	2434.025353
872.945357	2431.401432
873.256571	2435.136927
873.567744	2434.637853
873.878874	2435.948553
874.189963	2435.940991
874.501010	2435.668769
874.812015	2435.754468
875.122979	2435.242791
875.433900	2432.833120
875.744780	2436.377051
876.055618	2433.256577
876.366415	2434.126176
876.677169	2435.131886
876.987882	2434.232040
877.298554	2434.766402
877.609183	2438.564912
877.919771	2432.823038
878.230317	2440.997268
878.540822	2445.791406
878.851285	2449.910028
879.161707	2455.914043
879.472087	2468.690847
879.782425	2480.096458
880.092722	2510.804646
880.402977	2549.314021
880.713191	2602.909048
881.023363	2648.725574
881.333494	2678.932168
881.643583	2689.165711
881.953631	2686.166224
882.263637	2672.867660
882.573602	2655.798313
882.883526	2632.077164
883.193408	2618.317334
883.503248	2595.231370
883.813048	2575.906107
884.122806	2556.858107
884.432522	2539.521579
884.742197	2522.409383
885.051831	2506.965808
885.361424	2496.583551
885.670975	2486.355050
885.980485	2478.372383
886.289954	2471.166054
886.599382	2462.734724
886.908768	2459.415124
887.218113	2454.951182
887.527417	2455.636779
887.836680	2447.596139
888.145901	2445.095727
888.455082	2445.597321
888.764221	2442.065993
889.073319	2440.271342
889.382376	2441.894594
889.691392	2439.618513
890.000366	2437.539037
890.309300	2440.193204
890.618193	2437.934767
890.927044	2439.759665
891.235855	2437.599531
891.544625	2439.883173
891.853353	2438.612803
892.162041	2441.035077
892.470687	2445.020109
892.779293	2447.621345
893.087858	2450.706531
893.396381	2455.044444
893.704864	2467.037349
894.013306	2480.351036
894.321707	2498.128665
894.630068	2508.621827
894.938387	2512.531242
895.246665	2503.338697
895.554903	2500.835765
895.863100	2488.348827
896.171256	2485.946717
896.479371	2478.611838
896.787446	2472.262505
897.095480	2467.561629
897.403473	2462.643983
897.711425	2460.468725
898.019336	2455.987139
898.327207	2452.957406
898.635038	2449.358022
898.942827	2445.546910
899.250576	2443.507763
899.558284	2440.251178
899.865952	2438.726229
900.173579	2436.639191
900.481165	2436.064499
900.788711	2435.212544
901.096216	2434.184149
901.403681	2431.938315
901.711105	2433.821186
902.018489	2430.695671
902.325832	2437.420570
902.633135	2437.266815
902.940397	2443.986673
903.247619	2453.108641
903.554800	2474.652012
903.861941	2502.151506
904.169041	2521.547345
904.476101	2526.522964
904.783121	2523.067253
905.090100	2511.817918
905.397039	2502.035559
905.703938	2491.711276
906.010796	2481.641571
906.317614	2476.035808
906.624391	2467.937195
906.931129	2462.167594
907.237826	2456.193827
907.544483	2448.916921
907.851099	2443.598504
908.157675	2440.939295
908.464211	2436.495518
908.770707	2428.182655
909.077163	2425.412541
909.383578	2422.942376
909.689954	2423.804413
909.996289	2420.958682
910.302584	2425.848601
910.608839	2421.694690
910.915054	2420.590678
911.221229	2424.600916
911.527363	2424.784918
911.833458	2423.564958
912.139513	2425.054619
912.445527	2425.848601
912.751502	2425.238622
913.057436	2429.621905
913.363331	2430.824220
913.669186	2430.940167
913.975000	2438.058276
914.280775	2445.060438
914.586510	2453.249793
914.892205	2464.836885
915.197859	2478.407671
915.503475	2497.135558
915.809050	2514.638444
916.114585	2520.226563
916.420081	2525.408869
916.725536	2524.723272
917.030952	2515.583660
917.336328	2512.140552
917.641665	2504.576301
917.946961	2495.681185
918.252218	2493.198417
918.557435	2485.283805
918.862612	2477.500263
919.167750	2469.923409
919.472848	2465.663634
919.777906	2459.321863
920.082925	2454.769701
920.387904	2449.481530
920.692843	2449.927672
920.997743	2443.633792
921.302603	2439.094233
921.607423	2436.762699
921.912204	2434.917637
922.216946	2433.831268
922.521647	2427.925557
922.826310	2429.868921
923.130932	2428.255752
923.435516	2425.372212
923.740059	2425.359609
924.044564	2424.416913
924.349028	2423.133940
924.653454	2418.634710
924.957840	2420.215112
925.262186	2418.256623
925.566493	2417.749988
925.870761	2413.643968
926.174989	2418.730492
926.479178	2419.315266
926.783328	2416.880388
927.087438	2419.073290
927.391509	2416.671181
927.695541	2415.105902
927.999533	2415.526839
928.303486	2417.669329
928.607400	2413.689338
928.911275	2414.037178
929.215110	2412.222362
929.518906	2414.604307
929.822663	2416.114133
930.126381	2413.893505
930.430060	2413.838052
930.733699	2412.108936
931.037299	2415.877199
931.340861	2414.591705
931.644383	2415.269740
931.947866	2413.621282
932.251309	2415.355439
932.554714	2410.430232
932.858080	2413.860737
933.161407	2412.764286
933.464694	2412.318144
933.767943	2413.517939
934.071153	2415.073135
934.374323	2414.022054
934.677455	2414.770666
934.980548	2412.338309
935.283602	2413.175140
935.586617	2413.863258
935.889593	2413.202867
936.192530	2412.194636
936.495428	2414.274112
936.798287	2414.937024
937.101108	2414.289235
937.403890	2415.426016
937.706632	2418.168403
938.009336	2417.114802
938.312002	2420.570513
938.614628	2419.171593
938.917216	2420.588157
939.219765	2420.938517
939.522275	2419.973136
939.824747	2424.689136
940.127179	2419.806778
940.429573	2418.644792
940.731929	2418.533887
941.034246	2414.818557
941.336524	2422.624783
941.638763	2422.231573
941.940964	2418.448187
942.243126	2418.760739
942.545250	2417.886099
942.847335	2418.924576
943.149381	2419.942889
943.451389	2417.757549
943.753359	2419.206881
944.055290	2418.823753
944.357182	2416.603125
944.659036	2415.279822
944.960851	2417.371901
945.262628	2414.637075
945.564367	2414.006931
945.866067	2416.517425
946.167729	2417.082035
946.469352	2414.125398
946.770937	2416.802251
947.072484	2414.090110
947.373992	2415.494071
947.675462	2413.344019
947.976893	2417.392066
948.278286	2414.861406
948.579641	2416.159503
948.880958	2416.857703
949.182236	2415.993145
949.483476	2416.207394
949.784678	2417.815522
950.085841	2413.283525
950.386967	2415.902405
950.688054	2416.527508
950.989103	2415.917528
951.290114	2413.669173
951.591087	2415.993145
951.892021	2419.597570
952.192917	2415.874678
952.493776	2415.733526
952.794596	2419.743764
953.095378	2417.790317
953.396122	2417.699576
953.696828	2418.929617
953.997496	2416.797209
954.298126	2417.208063
954.598718	2416.749318
954.899272	2414.795871
955.199788	2418.818712
955.500266	2414.702610
955.800706	2411.987949
956.101108	2409.553071
956.401472	2410.316806
956.701798	2406.104922
957.002087	2408.786816
957.302337	2412.885274
957.602550	2410.117681
957.902724	2411.677918
958.202861	2409.353946
958.502960	2410.029460
958.803022	2411.443504
959.103045	2408.600293
959.403031	2412.933165
959.702979	2407.639953
960.002889	2410.029460
960.302762	2411.937537
960.602596	2406.359500
960.902393	2406.125087
961.202153	2402.944119
961.501875	2406.702299
961.801559	2404.577453
962.101205	2406.188101
962.400814	2406.087278
962.700385	2404.373286
962.999918	2409.076682
963.299414	2406.621640
963.598873	2407.458472
963.898293	2405.147103
964.197677	2406.823287
964.497022	2405.565519
964.796331	2406.104922
965.095601	2406.256157
965.394835	2405.142062
965.694030	2403.906979
965.993189	2404.277504
966.292309	2405.343708
966.591393	2406.477968
966.890439	2406.205745
967.189447	2405.154665
967.488419	2406.109963
967.787353	2407.655077
968.086249	2405.426887
968.385108	2407.135838
968.683930	2405.792371
968.982714	2406.672052
969.281462	2404.854716
969.580172	2404.685837
969.878844	2405.658780
970.177480	2405.578122
970.476078	2408.191960
970.774639	2404.327915
971.073162	2407.511404
971.371649	2405.048800
971.670098	2404.900086
971.968510	2406.631723
972.266885	2404.519479
972.565223	2405.721794
972.863524	2407.196332
973.161788	2407.992834
973.460014	2405.247926
973.758204	2408.212124
974.056356	2405.759603
974.354471	2407.173647
974.652550	2405.013512
974.950591	2408.297824
975.248595	2406.442679
975.546563	2407.665159
975.844493	2407.516445
976.142386	2408.181878
976.440243	2405.936043
976.738062	2406.765313
977.035845	2405.358831
977.333590	2405.714233
977.631299	2405.928482
977.928971	2406.024264
978.226606	2406.856054
978.524204	2404.355642
978.821765	2403.864129
979.119290	2403.692730
979.416777	2403.218862
979.714228	2405.290776
980.011642	2406.304048
980.309020	2409.921076
980.606360	2409.212793
980.903664	2403.622154
981.200931	2405.883111
981.498162	2412.562640
981.795356	2409.676580
982.092513	2414.516087
982.389633	2415.907446
982.686717	2417.122364
982.983764	2418.891809
983.280775	2419.209402
983.577749	2418.846438
983.874686	2418.221335
984.171587	2416.547672
984.468451	2418.352405
984.765279	2416.832497
985.062070	2414.339647
985.358824	2411.272105
985.655543	2413.873340
985.952224	2411.877043
986.248869	2410.100037
986.545478	2404.978224
986.842050	2404.758934
987.138586	2405.189953
987.435086	2403.869170
987.731549	2399.685013
988.027975	2406.810684
988.324366	2405.810015
988.620719	2406.745149
988.917037	2403.579304
989.213318	2404.635426
989.509563	2404.963101
989.805772	2403.975035
990.101944	2404.332957
990.398080	2406.092319
990.694180	2404.887483
990.990244	2404.509397
991.286271	2401.446896
991.582262	2404.025446
991.878217	2404.486712
992.174136	2404.010323
992.470019	2401.467061
992.765865	2403.407905
993.061676	2403.826321
993.357450	2403.990158
993.653188	2408.728843
993.948890	2404.635426
994.244556	2404.970662
994.540186	2405.449572
994.835780	2407.105591
995.131337	2409.114491
995.426859	2405.295817
995.722345	2410.820922
996.017795	2411.851838
996.313208	2410.626837
996.608586	2410.226065
996.903928	2411.309913
997.199234	2408.048287
997.494504	2413.512898
997.789738	2408.902762
998.084936	2409.474933
998.380099	2407.652556
998.675225	2407.334964
998.970316	2408.207083
999.265371	2407.453431
999.560390	2408.378483
999.855373	2405.631054
1000.150320	2405.036198
1000.445232	2406.820766
1000.740108	2403.412946
1001.034948	2403.186094
1001.329752	2402.634088
1001.624521	2406.994686
1001.919254	2397.328273
1002.213951	2400.995713
1002.508613	2399.261556
1002.803239	2400.796587
1003.097829	2396.690567
1003.392384	2404.622823
1003.686903	2403.014695
1003.981386	2407.423184
1004.275834	2400.110990
1004.570246	2403.576783
1004.864623	2401.300703
1005.158964	2401.525034
1005.453270	2402.223234
1005.747540	2404.007802
1006.041775	2403.521331
1006.335974	2402.492935
1006.630138	2401.598131
1006.924266	2401.086453
1007.218359	2403.637277
1007.512416	2401.600651
1007.806438	2400.685682
1008.100425	2401.850188
1008.394376	2402.467730
1008.688292	2403.002092
1008.982172	2401.600651
1009.276017	2399.755589
1009.569827	2404.040570
1009.863602	2404.017884
1010.157341	2403.959911
1010.451045	2401.232647
1010.744714	2399.221227
1011.038347	2401.431772
1011.331945	2401.058727
1011.625508	2401.562842
1011.919036	2401.769530
1012.212528	2403.319685
1012.505986	2400.728532
1012.799408	2400.121072
1013.092795	2399.564025
1013.386147	2401.852709
1013.679464	2399.443037
1013.972745	2400.831875
1014.265992	2402.646691
1014.559204	2402.319016
1014.852380	2402.402195
1015.145521	2400.746176
1015.438628	2398.860784
1015.731699	2404.343039
1016.024736	2401.646022
1016.317737	2400.907492
1016.610703	2401.913203
1016.903635	2400.219375
1017.196531	2398.896072
1017.489393	2400.408418
1017.782219	2394.676626
1018.075011	2399.455640
1018.367768	2398.938922
1018.660490	2400.398336
1018.953177	2400.398336
1019.245829	2400.398336
