Dividing Wavelength (nm)	Counts (n)	Blue Motor Position (mm): 38.000000	Red Motor Position (mm): 0.000000	
326.493990	1970.019909
326.888308	1970.019909
327.282561	1970.019909
327.676750	1947.405292
328.070874	1949.267999
328.464933	1952.927877
328.858929	1964.774588
329.252859	1977.264047
329.646726	1989.592188
330.040528	2004.824035
330.434265	2025.936387
330.827938	2045.755683
331.221547	2064.178580
331.615091	2085.784966
332.008571	2106.839345
332.401986	2127.946656
332.795338	2145.830149
333.188625	2169.773109
333.581847	2187.086952
333.975006	2204.521783
334.368100	2222.521223
334.761129	2239.835065
335.154095	2252.707652
335.546996	2293.896399
335.939833	2374.496887
336.332606	2391.220915
336.725315	2401.280538
337.117960	2411.246899
337.510540	2416.761921
337.903056	2424.706780
338.295508	2431.272883
338.687896	2441.831579
339.080220	2450.157045
339.472480	2454.794907
339.864676	2455.631738
340.256807	2457.628035
340.648875	2461.660958
341.040879	2461.910495
341.432818	2465.663634
341.824694	2462.649024
342.216506	2464.668006
342.608253	2465.464509
342.999937	2465.772019
343.391557	2461.981071
343.783113	2463.009467
344.174605	2457.806996
344.566033	2459.248766
344.957397	2457.706173
345.348697	2453.653085
345.739934	2454.129474
346.131106	2455.513271
346.522215	2448.775769
346.913260	2446.897939
347.304241	2446.960953
347.695159	2447.528083
348.086012	2443.069183
348.476802	2441.690427
348.867528	2441.466096
349.258191	2440.896445
349.648789	2437.879315
350.039324	2437.690272
350.429796	2440.004161
350.820203	2438.350663
351.210548	2435.998964
351.600828	2434.300096
351.991045	2434.927719
352.381198	2431.363623
352.771288	2431.913109
353.161314	2434.151382
353.551276	2434.937802
353.941175	2433.823707
354.331010	2435.222627
354.720782	2438.799325
355.110490	2436.734973
355.500135	2434.940322
355.889717	2432.278593
356.279235	2436.518203
356.668689	2436.094746
357.058080	2435.877977
357.447408	2434.380754
357.836672	2432.361772
358.225873	2435.608275
358.615010	2433.652307
359.004084	2438.345622
359.393095	2439.951229
359.782043	2441.493822
360.170927	2439.018616
360.559748	2440.709923
360.948505	2440.162958
361.337199	2444.997424
361.725830	2443.391817
362.114398	2447.187805
362.502903	2447.238217
362.891344	2444.301745
363.279722	2442.605397
363.668037	2447.855758
364.056289	2448.639658
364.444478	2447.664194
364.832603	2451.442539
365.220665	2448.866510
365.608665	2450.293156
365.996601	2447.918773
366.384474	2450.850204
366.772284	2452.599484
367.160031	2449.383228
367.547715	2452.077725
367.935336	2450.739298
368.322893	2453.078394
368.710388	2453.501851
369.097820	2456.637448
369.485189	2453.953034
369.872495	2455.288940
370.259738	2453.393466
370.646918	2457.015535
371.034035	2456.718107
371.421090	2460.413272
371.808081	2457.169290
372.195010	2455.966975
372.581875	2457.136522
372.968678	2460.095680
373.355418	2459.052161
373.742096	2461.817234
374.128710	2461.885289
374.515262	2463.939560
374.901751	2462.742286
375.288177	2463.937039
375.674540	2464.869653
376.060841	2461.855043
376.447079	2464.519292
376.833254	2462.633901
377.219367	2462.091977
377.605417	2465.663634
377.991404	2466.467698
378.377329	2467.022225
378.763191	2465.383850
379.148991	2469.265539
379.534727	2473.036322
379.920402	2472.103708
380.306013	2473.041363
380.691563	2474.500777
381.077049	2470.417442
381.462474	2473.923565
381.847835	2478.861375
382.233134	2476.171919
382.618371	2476.708802
383.003545	2476.464306
383.388657	2478.294245
383.773706	2478.901704
384.158693	2479.025213
384.543618	2480.988742
384.928480	2480.789616
385.313280	2483.481593
385.698017	2484.557879
386.082692	2485.818167
386.467305	2485.961840
386.851856	2487.270020
387.236344	2490.514002
387.620770	2490.561893
388.005133	2489.417551
388.389435	2491.444095
388.773674	2491.494507
389.157851	2498.111021
389.541965	2495.605568
389.926018	2493.289157
390.310008	2496.102121
390.693936	2499.643532
391.077802	2500.233347
391.461606	2504.200735
391.845348	2502.650580
392.229027	2503.805004
392.612645	2504.667042
392.996200	2507.744666
393.379694	2508.964625
393.763125	2510.943278
394.146494	2516.206243
394.529801	2517.524504
394.913047	2522.487520
395.296230	2520.718075
395.679351	2521.265041
396.062410	2524.224198
396.445408	2530.220650
396.828343	2534.674510
397.211217	2534.238450
397.594028	2542.140459
397.976778	2550.433157
398.359466	2561.576627
398.742092	2563.767009
399.124656	2578.303176
399.507158	2594.714652
399.889598	2609.061776
400.271977	2628.087091
400.654294	2644.375059
401.036549	2668.769202
401.418742	2687.885257
401.800874	2721.449260
402.182944	2751.960843
402.564952	2796.249901
402.946898	2826.862307
403.328783	2864.030735
403.710606	2914.013775
404.092367	2973.186839
404.474067	3049.623334
404.855705	3093.826692
405.237282	3145.866523
405.618797	3245.159609
406.000250	3340.790298
406.381642	3447.534210
406.762972	3525.006662
407.144240	3578.261412
407.525447	3690.333823
407.906593	3769.243004
408.287677	3891.528794
408.668700	4018.366745
409.049661	4116.076910
409.430560	4247.681272
409.811399	4344.360520
410.192176	4488.214887
410.572891	4613.389257
410.953545	4843.117158
411.334138	4840.715049
411.714669	5110.263024
412.095139	5061.013472
412.475547	5317.802287
412.855894	5403.181789
413.236180	5628.599504
413.616405	5669.856307
413.996568	5889.665738
414.376670	6017.380850
414.756711	6117.853567
415.136691	6355.480956
415.516609	6565.243368
415.896466	6739.591674
416.276262	7006.651840
416.655997	7339.052922
417.035670	7517.308122
417.415283	7971.826114
417.794834	8174.175509
418.174324	8215.379380
418.553753	8328.434817
418.933121	8732.183349
419.312428	8807.767889
419.691674	8911.537520
420.070859	9325.053288
420.449983	9299.983630
420.829045	9766.179455
421.208047	9786.031519
421.586988	10214.519514
421.965867	10526.942503
422.344686	10686.673983
422.723444	11207.460463
423.102141	10500.325210
423.480777	11439.146853
423.859352	11258.655901
424.237866	12159.603355
424.616319	12120.778908
424.994712	12745.904671
425.373044	12748.410124
425.751314	13394.118917
426.129524	12877.672870
426.507673	13846.973329
426.885762	13772.328964
427.263789	14050.293146
427.641756	14316.874402
428.019662	14484.412109
428.397508	14644.335153
428.775292	15000.953938
429.153016	15093.990953
429.530679	15272.301606
429.908282	15412.566670
430.285824	15279.371824
430.663305	15965.137626
431.040726	15739.329222
431.418086	15680.816549
431.795385	16322.701627
432.172624	16775.218281
432.549802	16477.160060
432.926920	16728.295221
433.303977	16692.795416
433.680974	17003.106162
434.057910	17333.034557
434.434786	17425.234741
434.811601	17406.438798
435.188355	18428.016022
435.565050	18173.664605
435.941683	18180.991922
436.318257	19054.563390
436.694770	18921.096321
437.071222	19522.327014
437.447614	18692.933698
437.823946	18752.462163
438.200218	18932.146531
438.576429	18748.925794
438.952580	19051.084994
439.328670	19036.727788
439.704700	19462.859043
440.080670	19078.634900
440.456580	19667.020733
440.832429	19848.512353
441.208218	18909.990659
441.583947	19342.221711
441.959616	19465.172932
442.335224	19705.575477
442.710773	19838.624130
443.086261	20363.171311
443.461689	19767.732904
443.837057	19904.391023
444.212365	20529.050478
444.587612	20530.565345
444.962800	20136.016919
445.337927	20550.117460
445.712995	19340.772379
446.088002	21117.658122
446.462949	21320.216725
446.837837	21484.177733
447.212664	21445.799429
447.587431	24182.306615
447.962139	27025.857662
448.336786	29345.206847
448.711374	27852.720319
449.085901	24280.717500
449.460369	24222.267842
449.834776	24127.151351
450.209124	26540.006378
450.583412	26121.146987
450.957640	26636.020194
451.331808	25331.256153
451.705917	24005.137784
452.079965	24034.134501
452.453954	24388.109200
452.827883	24272.505460
453.201752	24090.227420
453.575562	24234.595983
453.949311	25314.547248
454.323001	25373.657298
454.696632	25156.323073
455.070202	26673.785998
455.443713	26814.489643
455.817164	27365.218057
456.190556	27894.040137
456.563888	27356.436367
456.937160	27774.973124
457.310373	26156.107389
457.683526	26572.801604
458.056619	26556.707721
458.429653	26502.661510
458.802628	27056.792703
459.175542	27175.375765
459.548398	28470.549011
459.921194	30009.978764
460.293930	30676.636072
460.666607	32663.211130
461.039224	34390.701127
461.411782	34754.904328
461.784280	33556.228848
462.156719	33050.772517
462.529099	32466.691829
462.901419	31203.454293
463.273680	30162.420736
463.645882	30271.246644
464.018024	30244.883930
464.390106	31079.250344
464.762130	33731.638317
465.134094	37760.646938
465.505999	43018.827498
465.877845	47553.751196
466.249631	48643.318462
466.621358	46847.205758
466.993026	44684.525552
467.364634	42586.959410
467.736184	40668.760043
468.107674	39455.515629
468.479105	38675.281124
468.850477	38015.018520
469.221790	36612.337627
469.593043	34916.105304
469.964238	34066.476797
470.335373	33973.137313
470.706449	35610.007528
471.077467	38115.566854
471.448425	42631.946667
471.819324	45490.124622
472.190164	43680.791492
472.560945	40176.125886
472.931667	37105.823739
473.302330	36031.644595
473.672934	35222.609979
474.043479	35717.769753
474.413965	34955.708609
474.784393	34589.967856
475.154761	35457.946164
475.525070	35490.416236
475.895321	35045.453750
476.265513	35629.713399
476.635645	36567.486481
477.005719	36405.073107
477.375734	36845.977464
477.745691	37535.728298
478.115588	38834.556380
478.485427	40764.851997
478.855207	44100.187766
479.224928	46689.992334
479.594591	48304.293304
479.964194	47271.398690
480.333739	47360.019654
480.703226	47383.370278
481.072653	48009.600053
481.442022	48510.491620
481.811333	48788.612078
482.180584	47507.967437
482.549777	46979.029411
482.918912	46467.140567
483.287988	46177.894283
483.657005	45350.661101
484.025964	44708.927258
484.394864	44701.589858
484.763706	44279.597390
485.132489	43420.103345
485.501213	43251.718724
485.869879	43400.974686
486.238487	43003.210004
486.607036	43208.458062
486.975527	42666.405474
487.343959	42886.635842
487.712333	42968.509221
488.080648	42868.139848
488.448905	43308.363649
488.817104	43112.764359
489.185244	44052.122885
489.553326	45714.503859
489.921350	48417.958720
490.289315	51363.416693
490.657222	52008.444930
491.025070	52286.610758
491.392861	51352.489992
491.760593	50048.998842
492.128267	48339.115074
492.495883	46804.938204
492.863440	45424.960147
493.230939	44105.118014
493.598380	43038.941702
493.965763	42715.012280
494.333088	41928.975407
494.700354	41460.563995
495.067563	41191.452079
495.434713	41055.356049
495.801805	41126.877419
496.168839	40760.796388
496.535815	40437.595412
496.902733	40477.851546
497.269593	40074.332387
497.636395	40006.130616
498.003139	40400.064022
498.369825	39876.265452
498.736453	40160.669708
499.103023	39712.622037
499.469535	39579.336449
499.835989	39667.034882
500.202385	39354.851348
500.568723	39372.472701
500.935003	39553.634127
501.301226	39366.851815
501.667390	39971.427313
502.033497	40223.931148
502.399546	39657.358387
502.765537	38978.546857
503.131470	39363.958193
503.497345	39699.487310
503.863163	38385.939058
504.228923	38998.179631
504.594625	39378.093588
504.960269	38686.396869
505.325856	39341.270480
505.691385	38749.945654
506.056856	38869.194148
506.422270	39300.653903
506.787625	38871.593738
507.152924	39068.937267
507.518164	39149.318465
507.883347	38391.411231
508.248472	38647.562340
508.613540	39107.809604
508.978550	39392.221422
509.343503	39142.676744
509.708398	39344.990851
510.073236	39862.651816
510.438016	39862.364470
510.802738	39312.858537
511.167403	39921.363614
511.532010	40163.028968
511.896561	40446.775353
512.261053	41261.977821
512.625488	40811.795221
512.989866	40690.918434
513.354186	40535.257686
513.718449	40521.918793
514.082655	41186.347911
514.446803	40872.168080
514.810894	41375.320604
515.174927	41304.620942
515.538904	41197.277132
515.902822	41844.962058
516.266684	41306.917187
516.630488	41724.435631
516.994235	41570.887126
517.357925	42130.210707
517.721558	42286.226857
518.085133	42589.084257
518.448651	42716.224677
518.812112	42485.438133
519.175516	42603.494395
519.538863	42946.209677
519.902152	42890.691450
520.265385	43358.389539
520.628560	43384.270823
520.991678	43187.842263
521.354739	43421.275413
521.717743	43732.206220
522.080690	43630.546312
522.443580	44171.084033
522.806413	44213.691865
523.169189	44147.559489
523.531908	44341.021329
523.894569	44204.272469
524.257174	44360.729720
524.619722	44665.792625
524.982213	44640.891845
525.344647	44560.102314
525.707025	44619.953413
526.069345	45006.715777
526.431608	44932.872955
526.793815	45246.407519
527.155964	44799.269776
527.518057	44963.813037
527.880093	44746.193987
528.242072	45271.550274
528.603995	44977.461961
528.965860	44990.095093
529.327669	45066.657617
529.689421	44981.807436
530.051117	44952.135204
530.412755	45090.335916
530.774337	45160.586916
531.135862	44982.707282
531.497331	45183.544330
531.858743	45094.726761
532.220098	45426.472493
532.581396	45138.335263
532.942638	44821.402962
533.303824	45109.520027
533.664953	45076.167753
534.026025	44813.606817
534.387040	45290.913346
534.747999	45224.700310
535.108902	45397.256486
535.469748	44934.539057
535.830537	45058.211163
536.191270	45248.287869
536.551947	44887.202622
536.912567	45223.026647
537.273131	45314.367314
537.633638	44848.237023
537.994089	45173.628381
538.354483	44795.385567
538.714821	45346.449217
539.075103	45700.678495
539.435328	45473.387991
539.795497	45357.496906
540.155609	45363.420261
540.515665	45827.082907
540.875665	45284.198529
541.235609	45620.803933
541.595496	45566.399800
541.955328	46238.292347
542.315102	45633.832795
542.674821	45408.561273
543.034483	45450.276822
543.394090	45431.932063
543.753640	45396.195323
544.113134	46378.446506
544.472571	45424.017451
544.831953	46642.045920
545.191278	45873.355658
545.550548	45598.413648
545.909761	46045.077523
546.268918	46262.260513
546.628019	46557.777992
546.987064	46139.556307
547.346053	45438.669565
547.704986	46288.431663
548.063863	45853.024685
548.422684	46048.261011
548.781449	45902.357416
549.140158	46301.306770
549.498811	46149.131979
549.857408	45597.397855
550.215949	46422.944771
550.574434	46356.787188
550.932864	46123.727084
551.291237	46839.394490
551.649555	46462.636296
552.007817	46689.722633
552.366022	46342.046855
552.724173	46512.079933
553.082267	46906.880417
553.440305	47199.509315
553.798288	46530.001235
554.156215	46836.337030
554.514086	47041.630459
554.871902	46786.916079
555.229661	46801.696742
555.587365	46639.190106
555.945014	46716.566777
556.302606	46656.912283
556.660143	46872.010756
557.017625	46972.254100
557.375050	46763.686442
557.732421	47094.479395
558.089735	47075.564986
558.446994	47010.604678
558.804197	47465.218452
559.161345	47396.933503
559.518437	46670.785538
559.875474	46962.501988
560.232455	47124.028119
560.589381	47301.539748
560.946251	46999.453645
561.303065	47659.353287
561.659825	47470.398238
562.016528	47156.210845
562.373177	46863.559261
562.729770	47336.260696
563.086307	46870.216105
563.442789	47325.243254
563.799216	47372.831746
564.155587	47160.470620
564.511904	47189.177470
564.868164	47272.215357
565.224370	47520.167029
565.580520	47250.041841
565.936615	47468.817836
566.292654	47178.850667
566.648638	47420.468129
567.004567	47367.593987
567.360441	47415.369002
567.716260	47278.821789
568.072023	47553.720949
568.427732	47544.805668
568.783385	47093.950074
569.138982	47502.439812
569.494525	47460.235272
569.850013	47233.153976
570.205445	47192.134107
570.560823	47147.227509
570.916145	47028.959519
571.271412	47061.031340
571.626625	46802.594067
571.981782	46868.081176
572.336884	46545.099490
572.691931	46872.870272
573.046923	46484.429204
573.401860	46335.213571
573.756743	46312.266238
574.111570	46425.961902
574.466342	46280.408667
574.821059	46392.541572
575.175722	45914.050372
575.530330	45948.604962
575.884882	45675.089598
576.239380	45629.318442
576.593823	45599.068998
576.948211	45514.100350
577.302544	45055.650257
577.656823	45071.965952
578.011047	45302.266024
578.365216	45014.335481
578.719330	44824.904043
579.073389	44683.424060
579.427394	44752.631541
579.781344	44727.496348
580.135239	44387.011776
580.489080	44466.901461
580.842866	43969.705060
581.196597	44417.719964
581.550273	44357.604205
581.903895	44226.002363
582.257463	44647.031971
582.610975	44036.611254
582.964434	44314.653574
583.317837	43962.168535
583.671186	43804.768589
584.024481	44022.125499
584.377721	43578.146038
584.730906	43837.561295
585.084037	43870.434659
585.437113	43579.620576
585.790135	43618.271102
586.143103	43205.292218
586.496016	43351.226060
586.848874	43368.703740
587.201679	43374.115419
587.554428	42880.047054
587.907124	43059.945670
588.259765	42831.480578
588.612352	43065.967328
588.964884	42450.414717
589.317362	42743.015889
589.669786	42677.843852
590.022155	42457.237919
590.374470	42882.416396
590.726731	42398.586614
591.078937	41935.758280
591.431090	42021.314222
591.783188	41682.820906
592.135232	41366.753163
592.487222	41612.179217
592.839157	41684.441637
593.191038	41360.688655
593.542866	41142.792342
593.894639	40541.914529
594.246358	40814.971148
594.598022	40793.072376
594.949633	40382.455272
595.301190	40360.932065
595.652692	40195.768742
596.004141	40513.046362
596.355535	39558.375332
596.706876	39488.648612
597.058162	39330.610960
597.409395	39780.057552
597.760573	39874.173373
598.111698	39439.177249
598.462768	39447.626223
598.813785	39510.479329
599.164748	38960.116399
599.515657	39347.297179
599.866511	38822.066922
600.217312	39426.430692
600.568060	38411.240609
600.918753	39155.090586
601.269392	39113.944688
601.619978	38756.158876
601.970510	38967.305084
602.320988	39149.474740
602.671412	39447.701840
603.021783	39181.775934
603.372100	38838.246505
603.722363	38937.287534
604.072572	39028.446719
604.422728	39038.334942
604.772830	38855.517498
605.122878	38945.885222
605.472872	38897.958972
605.822813	39167.748923
606.172701	39003.077112
606.522534	39238.264583
606.872314	39490.382769
607.222041	39244.455120
607.571714	39634.799224
607.921333	39105.079819
608.270899	39383.727077
608.620411	39710.161953
608.969870	39522.439467
609.319276	39506.900110
609.668627	39556.061442
610.017926	40028.299090
610.367171	40190.919152
610.716362	40285.246702
611.065500	40238.321121
611.414585	40432.531573
611.763616	40710.233615
612.112594	40639.090332
612.461518	40856.558147
612.810389	41145.244863
613.159207	41012.589420
613.507971	41088.385689
613.856682	41552.678478
614.205340	41459.913686
614.553945	42155.212310
614.902496	41608.385749
615.250994	42056.035169
615.599439	42134.173054
615.947830	42353.168339
616.296169	42396.716346
616.644454	42513.701363
616.992686	42676.823019
617.340864	43199.721743
617.688990	42924.815020
618.037063	43517.221173
618.385082	43489.134385
618.733048	43808.380576
619.080961	43797.494204
619.428821	43823.912371
619.776628	43928.773412
620.124382	43749.401596
620.472083	43875.773241
620.819731	44005.225030
621.167326	43678.719578
621.514868	43642.445956
621.862357	43200.724932
622.209793	43222.104466
622.557176	42902.333995
622.904506	42652.431396
623.251783	42316.289778
623.599007	42089.347114
623.946179	41860.692978
624.293297	41821.286279
624.640363	41241.152815
624.987376	41222.225803
625.334336	40979.058185
625.681243	40644.562504
626.028097	40615.931271
626.374899	40458.402775
626.721647	40437.923087
627.068343	40335.728817
627.414987	40108.488725
627.761577	39877.104804
628.108115	40212.747348
628.454600	39673.394298
628.801032	39844.080205
629.147412	39816.003499
629.493739	39820.953912
629.840014	39478.916665
630.186236	39809.634001
630.532405	39437.075088
630.878521	39660.133543
631.224585	39544.151716
631.570597	39250.751521
631.916556	39414.692365
632.262462	39344.774082
632.608316	39373.962362
632.954117	39259.001369
633.299866	39258.308211
633.645562	39171.807052
633.991206	38667.525309
634.336797	38245.220290
634.682336	38256.620859
635.027823	37995.854574
635.373257	37817.475865
635.718639	37577.201870
636.063968	37438.681045
636.409245	36883.914667
636.754470	36925.055523
637.099642	36687.415531
637.444762	36218.721814
637.789829	36350.089242
638.134845	36004.833218
638.479808	35973.474721
638.824719	35877.045009
639.169577	35475.081046
639.514383	35542.965223
639.859137	35252.798928
640.203839	35488.871122
640.548489	35128.428622
640.893086	35202.906629
641.237632	34952.956139
641.582125	35061.686266
641.926566	35009.333883
642.270955	34968.840815
642.615292	34983.886138
642.959576	34948.386333
643.303809	34945.971620
643.647990	35095.852686
643.992118	35066.472841
644.336195	35059.594187
644.680219	35157.503477
645.024192	35458.394826
645.368112	35966.306200
645.711981	35977.041337
646.055797	36857.423403
646.399562	36779.666126
646.743274	37720.930208
647.086935	38170.643980
647.430544	38065.606499
647.774101	38170.555760
648.117606	38415.288656
648.461059	38708.076351
648.804460	38317.664191
649.147810	37698.739048
649.491108	37451.142777
649.834354	37092.835206
650.177548	36274.424043
650.520690	35824.042318
650.863781	35833.754101
651.206820	35690.308068
651.549807	35242.764512
651.892742	34773.566679
652.235626	34590.045994
652.578458	34454.217145
652.921238	33843.433465
653.263967	34188.891136
653.606644	33866.433730
653.949269	33827.019468
654.291843	33418.814556
654.634365	33825.698686
654.976836	33433.766619
655.319255	33443.427990
655.661622	33432.612194
656.003938	33198.145608
656.346203	33065.107038
656.688416	33282.438742
657.030577	33088.462704
657.372687	32919.147990
657.714746	33188.423743
658.056753	33317.583146
658.398708	32769.962604
658.740612	32827.673733
659.082465	33090.398507
659.424266	32915.107505
659.766016	33034.247615
660.107715	32915.639347
660.449362	33041.774057
660.790958	33035.195352
661.132503	33048.796385
661.473996	33090.925307
661.815438	33188.007848
662.156829	33392.519898
662.498168	33158.519619
662.839456	33187.102961
663.180693	33337.152905
663.521879	33488.654702
663.863013	33451.950061
664.204097	33444.957980
664.545129	33912.595576
664.886110	33867.431878
665.227040	33942.025832
665.567918	34052.807708
665.908746	34114.413129
666.249522	34278.848005
666.590248	34284.302534
666.930922	34389.576950
667.271545	34345.257646
667.612118	34447.028459
667.952639	34229.926128
668.293109	34276.962614
668.633528	34169.086963
668.973896	34097.094245
669.314213	34125.848986
669.654480	33869.639904
669.994695	33897.265427
670.334859	33777.175060
670.674973	33680.563867
671.015035	33829.988708
671.355047	33783.877274
671.695008	33741.007302
672.034918	33640.461488
672.374777	33717.359249
672.714585	33574.170315
673.054342	33772.416211
673.394049	33541.836354
673.733705	33830.676826
674.073310	33495.019158
674.412864	33559.624066
674.752368	33172.700384
675.091820	33452.872592
675.431223	33040.692730
675.770574	32771.056534
676.109875	32642.018119
676.449125	32357.787783
676.788324	32274.666718
677.127473	31736.909193
677.466571	31665.677689
677.805619	31320.424186
678.144616	31309.323565
678.483562	31239.196074
678.822458	30915.231363
679.161303	30853.424296
679.500098	30760.052045
679.838842	30656.279893
680.177535	30798.384978
680.516179	31067.146534
680.854771	31314.437815
681.193314	32189.821578
681.531805	33314.548371
681.870247	34098.014255
682.208638	34823.499308
682.546978	35053.806942
682.885268	35133.595805
683.223508	34593.330306
683.561697	34259.908390
683.899836	34075.271090
684.237925	33563.651948
684.575963	33420.823456
684.913951	32954.854483
685.251889	33105.390898
685.589776	33102.872842
685.927614	33104.818727
686.265401	33251.092847
686.603137	33342.622557
686.940824	33856.270764
687.278460	34235.052981
687.616046	34386.945467
687.953582	35005.971433
688.291068	34870.351792
688.628504	35141.533101
688.965889	35057.383641
689.303224	34663.319165
689.640510	34313.654652
689.977745	33585.482664
690.314930	32787.157979
690.652065	32257.667947
690.989150	31504.426301
691.326185	30617.019387
691.663170	29913.851522
692.000105	29162.606173
692.336990	28463.655233
692.673825	28024.192647
693.010610	27515.767075
693.347345	26937.163602
693.684030	26293.970344
694.020665	26006.629616
694.357251	25340.047925
694.693786	25298.907069
695.030272	25065.471399
695.366707	24529.639595
695.703093	24231.876281
696.039429	24229.295210
696.375716	23969.806857
696.711952	23945.649648
697.048139	23779.888948
697.384276	23596.315330
697.720363	23722.621440
698.056400	23517.151571
698.392388	23317.143792
698.728326	23274.087297
699.064214	23065.691038
699.400053	23006.336493
699.735842	22662.234893
700.071581	22374.528681
700.407270	22083.515473
700.742910	21900.062843
701.078501	21622.338116
701.414042	21338.324549
701.749533	21047.676824
702.084974	20702.037673
702.420366	20899.812220
702.755709	20462.691250
703.091002	20167.095632
703.426246	20184.890905
703.761440	20087.876420
704.096584	19827.447892
704.431679	19776.726322
704.766725	19692.765905
705.101721	19628.990268
705.436668	19713.343895
705.771565	19392.958404
706.106413	19735.383820
706.441212	19731.035825
706.775961	19854.634835
707.110661	19925.954559
707.445311	20280.884557
707.779913	20124.455032
708.114465	20364.068637
708.448967	20650.159158
708.783421	21352.414574
709.117825	21614.927620
709.452180	21842.228206
709.786485	22241.154874
710.120742	23046.244787
710.454949	23067.589033
710.789107	23535.403068
711.123216	24233.759152
711.457275	24361.275138
711.791286	24895.811366
712.125247	24954.291271
712.459159	24653.251208
712.793023	25313.337372
713.126837	24196.348749
713.460602	24457.031856
713.794318	24073.573968
714.127985	23680.071581
714.461602	22781.765692
714.795171	22738.865473
715.128691	21717.605841
715.462162	21183.369563
715.795584	20766.312384
716.128957	20495.410859
716.462281	20090.896071
716.795556	19863.151864
717.128782	19362.991265
717.461960	18826.171394
717.795088	18750.559128
718.128167	18356.013222
718.461198	17891.170947
718.794180	17751.072240
719.127113	17386.564049
719.459997	17188.948298
719.792833	16852.262236
720.125619	16822.474058
720.458357	16501.833988
720.791046	16337.888103
721.123686	16179.273238
721.456278	15940.095694
721.788821	15891.859413
722.121315	15636.966072
722.453761	15717.995058
722.786158	15638.760723
723.118506	15655.494833
723.450805	15520.863258
723.783056	15671.848336
724.115259	15582.612351
724.447412	15514.720612
724.779518	15739.828296
725.111574	15770.720487
725.443582	15965.619056
725.775542	15953.868126
726.107453	16424.661484
726.439315	16309.650080
726.771129	16699.548042
727.102895	17071.764156
727.434612	17276.387112
727.766281	17406.630362
728.097901	17667.232810
728.429473	17691.959670
728.760996	17679.485335
729.092471	17766.863654
729.423897	17632.811812
729.755276	17493.759145
730.086606	17607.553111
730.417887	18144.158732
730.749120	18656.077822
731.080305	18832.044339
731.411442	19164.800822
731.742530	19225.622343
732.073570	19319.687753
732.404562	19616.200861
732.735506	19418.633000
733.066401	19135.874681
733.397249	18609.280791
733.728048	17972.325962
734.058798	17151.369017
734.389501	16462.346630
734.720156	16007.478277
735.050762	15491.410317
735.381320	15133.969824
735.711831	14898.565583
736.042293	14555.971288
736.372707	14567.641559
736.703073	14354.307490
737.033391	14545.689855
737.363661	14510.936140
737.693883	14612.018837
738.024056	14783.133242
738.354182	14976.627850
738.684260	15261.528660
739.014290	15479.493029
739.344272	15667.344065
739.674207	15948.915193
740.004093	16067.190744
740.333931	16049.277004
740.663722	16083.932416
740.993464	16068.960189
741.323159	15898.347378
741.652806	15625.472241
741.982405	15402.123920
742.311956	15070.874742
742.641460	14948.203304
742.970915	14642.288445
743.300323	14305.874605
743.629683	14099.492287
743.958996	13830.627388
744.288260	13557.449781
744.617477	13250.655241
744.946647	13182.156042
745.275768	12910.203436
745.604842	12723.685785
745.933869	12562.048749
746.262847	12507.198474
746.591778	12433.796754
746.920662	12335.602638
747.249498	12332.416629
747.578286	12453.550515
747.907027	12599.244902
748.235720	12821.584993
748.564365	12840.864886
748.892963	12750.522367
749.221514	12810.375987
749.550017	12659.645487
749.878473	12623.160136
750.206881	12399.607648
750.535242	12308.818988
750.863555	12222.648025
751.191821	12128.501956
751.520039	12148.696818
751.848210	12052.080584
752.176334	12096.059611
752.504411	11988.244453
752.832440	11838.290291
753.160421	11901.634910
753.488356	11778.661003
753.816243	11685.553412
754.144082	11547.007381
754.471875	11494.904535
754.799620	11438.405803
755.127318	11402.071687
755.454969	11365.578774
755.782572	11319.530354
756.110129	11337.688591
756.437638	11255.164902
756.765100	11245.679971
757.092515	11246.181566
757.419882	11267.009093
757.747203	11261.622620
758.074477	11342.220588
758.401703	11303.534773
758.728882	11458.119235
759.056014	11498.171203
759.383099	11615.209151
759.710138	11718.598175
760.037129	11800.842080
760.364073	11819.869915
760.690970	11799.453242
761.017820	11799.228910
761.344623	11985.552477
761.671379	12305.632979
761.998088	12932.087085
762.324751	14483.671060
762.651366	17345.919747
762.977935	20988.032413
763.304456	23188.649822
763.630931	23655.400174
763.957359	22470.708856
764.283740	20558.324459
764.610074	18690.473615
764.936362	16568.299081
765.262602	15061.319235
765.588796	13606.752266
765.914943	12565.723750
766.241044	11734.205587
766.567097	11106.060174
766.893104	10567.506147
767.219064	10215.817611
767.544978	9822.214401
767.870845	9516.196198
768.196665	9331.891613
768.522438	9129.393504
768.848165	8966.531467
769.173846	8804.773443
769.499479	8686.674332
769.825066	8527.716669
770.150607	8349.325358
770.476101	8287.480483
770.801548	8168.214344
771.126949	8036.882204
771.452303	7944.180426
771.777611	7781.535159
772.102872	7759.328877
772.428087	7641.829663
772.753256	7522.419852
773.078378	7431.169926
773.403453	7289.813451
773.728482	7190.674120
774.053465	7126.442258
774.378401	7041.158538
774.703291	6949.633869
775.028135	6850.507141
775.352932	6811.385266
775.677683	6735.359625
776.002388	6645.422920
776.327046	6646.640358
776.651658	6564.484674
776.976224	6480.990564
777.300743	6465.536907
777.625216	6407.316621
777.949643	6360.048242
778.274024	6363.451021
778.598359	6292.340504
778.922647	6298.157996
779.246889	6259.865391
779.571086	6266.504591
779.895236	6282.240553
780.219339	6277.028000
780.543397	6268.223624
780.867409	6321.901831
781.191374	6316.666592
781.515294	6282.175018
781.839167	6332.856258
782.162995	6308.073946
782.486776	6257.541419
782.810511	6220.758640
783.134201	6144.218802
783.457844	6133.960053
783.781441	6082.515078
784.104993	6040.653337
784.428498	6013.400859
784.751958	5990.428321
785.075372	5966.906297
785.398739	5932.734836
785.722061	5953.343073
786.045337	5950.290654
786.368568	6065.602007
786.691752	6085.065902
787.014891	6333.708213
787.337983	6614.339165
787.661030	7050.285547
787.984031	7468.855071
788.306987	7734.602017
788.629897	7817.178638
788.952760	7731.728559
789.275579	7551.247690
789.598351	7256.395642
789.921078	6994.900910
790.243759	6713.987653
790.566395	6505.283884
790.888984	6317.382436
791.211529	6179.869842
791.534027	6017.907651
791.856480	5882.663575
792.178888	5821.070758
792.501249	5757.327888
792.823566	5651.171270
793.145836	5651.798894
793.468062	5627.835769
793.790241	5587.309933
794.112375	5629.287621
794.434464	5727.776644
794.756507	5761.055821
795.078505	5875.001022
795.400457	6094.364311
795.722364	6331.832904
796.044226	6530.771958
796.366042	6685.192583
796.687812	6632.308358
797.009538	6656.725187
797.331218	6563.400826
797.652852	6493.167471
797.974442	6377.909050
798.295986	6302.014479
798.617484	6174.231311
798.938938	6070.476803
799.260346	5998.418550
799.581709	5863.615576
799.903026	5811.726979
800.224299	5741.536473
800.545526	5624.536334
800.866708	5560.997631
801.187845	5510.654148
801.508936	5437.277633
801.829983	5407.199589
802.150984	5297.947703
802.471940	5273.147746
802.792851	5259.282052
803.113717	5236.047374
803.434538	5210.188776
803.755314	5177.358261
804.076045	5169.577240
804.396731	5132.255058
804.717372	5150.572090
805.037967	5153.621988
805.358518	5179.152912
805.679024	5240.987705
805.999485	5247.889045
806.319901	5271.632879
806.640272	5286.874808
806.960598	5328.668494
807.280879	5321.633564
807.601115	5360.881467
807.921306	5322.266229
808.241453	5319.347401
808.561554	5325.142207
808.881611	5292.367145
809.201623	5288.790447
809.521590	5240.959979
809.841513	5222.025405
810.161390	5240.329835
810.481223	5154.297503
810.801011	5138.674967
811.120755	5114.414414
811.440453	5053.038366
811.760107	5033.398031
812.079716	5005.099514
812.399281	4950.700423
812.718801	4947.612716
813.038276	4913.458899
813.357707	4880.104104
813.677093	4902.423813
813.996434	4838.736396
814.315731	4857.774313
814.634983	4862.003841
814.954191	4865.081466
815.273354	4919.785547
815.592473	4965.927228
815.911547	5038.960944
816.230577	5090.862144
816.549562	5175.692160
816.868502	5228.198298
817.187399	5284.374396
817.506250	5364.735429
817.825058	5389.623606
818.143821	5539.449219
818.462539	5705.993818
818.781213	5933.859013
819.099843	6302.962216
819.418429	6921.582369
819.736970	7533.999382
820.055466	8250.727951
820.373919	9147.960074
820.692327	10589.462893
821.010691	13272.503601
821.329011	19483.195058
821.647286	29031.359732
821.965517	39358.112975
822.283704	44808.835365
822.601847	46276.451361
822.919945	41664.334995
823.237999	36530.928033
823.556010	31354.971213
823.873976	26656.378894
824.191897	22462.854738
824.509775	19410.534387
824.827609	16659.110426
825.145398	15116.492143
825.463144	14363.293347
825.780845	14660.161856
826.098502	15911.771971
826.416116	18364.303400
826.733685	20654.890281
827.051210	21177.998213
827.368692	19740.293904
827.686129	17184.622988
828.003522	14721.293408
828.320872	12504.665294
828.638177	10868.899092
828.955439	9629.785997
829.272656	8572.978669
829.589830	7737.258705
829.906960	7013.485124
830.224046	6481.976109
830.541088	6076.881589
830.858086	5816.833668
831.175041	5615.147185
831.491952	5560.370007
831.808819	5596.280667
832.125642	5834.586091
832.442421	6385.440534
832.759157	7490.443813
833.075849	9251.391948
833.392497	11094.105078
833.709101	12203.418543
834.025662	11947.801797
834.342179	10896.325489
834.658653	9598.737530
834.975083	8498.236002
835.291469	7598.057324
835.607811	6865.300407
835.924110	6350.989288
836.240366	5860.164906
836.556578	5419.200055
836.872746	5063.539090
837.188871	4796.060508
837.504952	4574.612702
837.820990	4406.016353
838.136984	4290.649547
838.452935	4246.279831
838.768842	4274.835447
839.084706	4555.476482
839.400526	5293.745901
839.716303	6195.941040
840.032037	6761.742504
840.347727	6612.209278
840.663373	6010.461867
840.978977	5437.249907
841.294537	4997.855376
841.610054	4667.838760
841.925527	4429.414868
842.240957	4224.202098
842.556344	4042.891959
842.871687	3879.785426
843.186987	3732.414855
843.502244	3614.991258
843.817458	3531.539998
844.132629	3460.936118
844.447756	3414.678490
844.762840	3372.768857
845.077881	3329.142712
845.392879	3298.066519
845.707833	3271.708846
846.022745	3244.163982
846.337613	3235.775502
846.652438	3212.523179
846.967221	3199.514482
847.281960	3181.814991
847.596656	3173.023218
847.911309	3161.373112
848.225919	3147.686379
848.540485	3138.377889
848.855009	3128.270375
849.169490	3117.633541
849.483928	3111.097685
849.798323	3103.931684
850.112675	3095.588575
850.426984	3096.022114
850.741251	3089.161104
851.055474	3083.535176
851.369654	3086.660691
851.683792	3085.322265
851.997887	3087.512646
852.311938	3088.034406
852.625947	3088.528439
852.939914	3082.282449
853.253837	3088.954416
853.567718	3085.576843
853.881555	3078.723395
854.195350	3083.809919
854.509103	3081.019640
854.822812	3081.722881
855.136479	3072.442117
855.450103	3080.626430
855.763685	3072.943712
856.077224	3073.588979
856.390720	3082.360587
856.704173	3094.088832
857.017584	3097.582351
857.330953	3103.165429
857.644278	3113.714043
857.957561	3111.969804
858.270802	3111.737911
858.584000	3112.083230
858.897155	3107.029473
859.210268	3095.270982
859.523339	3083.799837
859.836367	3079.371183
860.149352	3074.572004
860.462295	3070.468505
860.775195	3063.494069
861.088054	3056.065929
861.400869	3060.197154
861.713642	3055.302194
862.026373	3067.607650
862.339062	3070.400450
862.651708	3079.759352
862.964312	3093.244438
863.276873	3106.111983
863.589392	3133.578710
863.901869	3159.948986
864.214303	3179.183508
864.526696	3199.711087
864.839045	3218.106257
865.151353	3226.547669
865.463619	3230.142012
865.775842	3229.932804
866.088023	3237.033269
866.400162	3229.905078
866.712258	3229.799214
867.024313	3228.188565
867.336325	3226.436764
867.648296	3227.797876
867.960224	3225.778893
868.272110	3231.261148
868.583954	3227.487845
868.895755	3234.109400
869.207515	3234.011098
869.519233	3252.343254
869.830909	3258.886671
870.142542	3271.411418
870.454134	3275.257818
870.765684	3288.173255
871.077191	3304.153712
871.388657	3319.385559
871.700081	3339.091429
872.011463	3357.799151
872.322803	3377.409239
872.634101	3393.230901
872.945357	3415.366607
873.256571	3442.155299
873.567744	3457.477886
873.878874	3463.996098
874.189963	3479.590907
874.501010	3482.328254
874.812015	3476.611585
875.122979	3492.823936
875.433900	3491.964419
875.744780	3489.388390
876.055618	3500.000019
876.366415	3496.940038
876.677169	3503.506141
876.987882	3520.152031
877.298554	3540.072151
877.609183	3580.280394
877.919771	3624.624903
878.230317	3696.564689
878.540822	3798.441367
878.851285	3950.482567
879.161707	4166.332172
879.472087	4541.799831
879.782425	5169.821736
880.092722	6351.271593
880.402977	8281.882281
880.713191	10660.192802
881.023363	13036.444011
881.333494	14385.751688
881.643583	14846.871071
881.953631	14432.228605
882.263637	13598.817490
882.573602	12554.814693
882.883526	11604.920156
883.193408	10636.885027
883.503248	9719.493329
883.813048	8886.024241
884.122806	8129.848643
884.432522	7363.283228
884.742197	6703.484409
885.051831	6138.421475
885.361424	5647.211444
885.670975	5252.501701
885.980485	4925.890384
886.289954	4663.480682
886.599382	4443.777115
886.908768	4263.634003
887.218113	4102.380095
887.527417	3970.367399
887.836680	3845.490456
888.145901	3748.319695
888.455082	3670.474198
888.764221	3597.443002
889.073319	3542.595248
889.382376	3512.560053
889.691392	3487.709686
890.000366	3477.360197
890.309300	3470.834423
890.618193	3477.937409
890.927044	3472.019094
891.235855	3479.197697
891.544625	3492.463494
891.853353	3518.775796
892.162041	3580.945826
892.470687	3673.380423
892.779293	3790.274698
893.087858	3964.756595
893.396381	4245.485849
893.704864	4654.043642
894.013306	5229.486313
894.321707	5796.671573
894.630068	6159.801008
894.938387	6195.356266
895.246665	6014.474625
895.554903	5704.768818
895.863100	5362.240058
896.171256	5091.303245
896.479371	4846.562787
896.787446	4625.165392
897.095480	4429.561062
897.403473	4280.889873
897.711425	4134.736741
898.019336	4014.210314
898.327207	3893.951068
898.635038	3791.824853
898.942827	3684.072710
899.250576	3594.312445
899.558284	3513.197759
899.865952	3459.222125
900.173579	3395.600243
900.481165	3348.926720
900.788711	3306.951553
901.096216	3276.434928
901.403681	3244.955443
901.711105	3238.422107
902.018489	3231.561097
902.325832	3265.314142
902.633135	3323.305056
902.940397	3493.126405
903.247619	3900.733941
903.554800	4658.119415
903.861941	5619.475015
904.169041	6323.643549
904.476101	6534.540220
904.783121	6257.922027
905.090100	5858.098033
905.397039	5440.617398
905.703938	5082.030042
906.010796	4759.638171
906.317614	4505.750540
906.624391	4267.729941
906.931129	4070.736772
907.237826	3889.512332
907.544483	3714.677555
907.851099	3547.840569
908.157675	3389.392062
908.464211	3247.002151
908.770707	3146.100936
909.077163	3068.336097
909.383578	3006.055162
909.689954	2963.800210
909.996289	2931.917433
910.302584	2912.846748
910.608839	2900.604306
910.915054	2886.100906
911.221229	2884.893550
911.527363	2889.115516
911.833458	2895.033831
912.139513	2906.862898
912.445527	2920.267326
912.751502	2954.809313
913.057436	2997.722135
913.363331	3055.123233
913.669186	3141.120276
913.975000	3260.328441
914.280775	3446.523459
914.586510	3715.141341
914.892205	4090.626644
915.197859	4589.358077
915.503475	5178.288354
915.809050	5671.908057
916.114585	5962.525535
916.420081	6023.687334
916.725536	5964.199198
917.030952	5721.964194
917.336328	5518.319222
917.641665	5296.369821
917.946961	5075.610133
918.252218	4874.866345
918.557435	4645.629957
918.862612	4454.091316
919.167750	4282.220738
919.472848	4084.960387
919.777906	3918.632557
920.082925	3759.551386
920.387904	3605.705453
920.692843	3495.331910
920.997743	3396.129564
921.302603	3301.471818
921.607423	3238.890935
921.912204	3173.764268
922.216946	3122.967081
922.521647	3074.193918
922.826310	3032.059954
923.130932	2994.054695
923.435516	2954.136318
923.740059	2927.677823
924.044564	2900.022053
924.349028	2873.636653
924.653454	2841.252281
924.957840	2814.410657
925.262186	2798.135292
925.566493	2777.080913
925.870761	2751.781882
926.174989	2738.286714
926.479178	2723.596791
926.783328	2708.987527
927.087438	2697.705425
927.391509	2682.861748
927.695541	2670.768020
927.999533	2661.613284
928.303486	2655.591626
928.607400	2646.207518
928.911275	2643.916314
929.215110	2637.670324
929.518906	2633.879376
929.822663	2631.855353
930.126381	2633.960035
930.430060	2634.920375
930.733699	2636.357103
931.037299	2641.607465
931.340861	2640.798360
931.644383	2645.378248
931.947866	2642.083854
932.251309	2640.876498
932.554714	2639.480098
932.858080	2640.143010
933.161407	2635.336270
933.464694	2629.521299
933.767943	2627.736730
934.071153	2623.484517
934.374323	2617.183075
934.677455	2619.456635
934.980548	2613.397168
935.283602	2612.184771
935.586617	2608.103957
935.889593	2611.403392
936.192530	2612.646036
936.495428	2618.423199
936.798287	2629.672533
937.101108	2640.926909
937.403890	2663.110507
937.706632	2692.722245
938.009336	2722.394476
938.312002	2754.715834
938.614628	2778.137035
938.917216	2795.377781
939.219765	2803.955304
939.522275	2812.605924
939.824747	2816.049032
940.127179	2808.545275
940.429573	2805.235757
940.731929	2800.461785
941.034246	2793.825106
941.336524	2793.683953
941.638763	2783.321862
941.940964	2778.792385
942.243126	2760.460229
942.545250	2752.175092
942.847335	2736.633215
943.149381	2724.577296
943.451389	2713.375852
943.753359	2698.292720
944.055290	2690.305011
944.357182	2679.731191
944.659036	2676.774554
944.960851	2669.485046
945.262628	2666.742658
945.564367	2668.930519
945.866067	2664.544715
946.167729	2663.828871
946.469352	2665.154695
946.770937	2661.141936
947.072484	2654.626245
947.373992	2656.970382
947.675462	2651.636841
947.976893	2644.359935
948.278286	2641.488998
948.579641	2638.988586
948.880958	2636.011784
949.182236	2635.946249
949.483476	2631.018522
949.784678	2630.892493
950.085841	2629.060033
950.386967	2636.631846
950.688054	2642.091416
950.989103	2653.043323
951.290114	2658.777635
951.591087	2672.386230
951.892021	2680.595749
952.192917	2695.827595
952.493776	2706.025850
952.794596	2710.043649
953.095378	2709.428628
953.396122	2709.559698
953.696828	2707.087012
953.997496	2699.837833
954.298126	2693.405321
954.598718	2681.215811
954.899272	2670.868843
955.199788	2663.140754
955.500266	2649.847231
955.800706	2632.659417
956.101108	2619.524691
956.401472	2604.988524
956.701798	2588.138467
957.002087	2574.202197
957.302337	2567.694067
957.602550	2558.105793
957.902724	2542.848741
958.202861	2535.723070
958.502960	2527.747964
958.803022	2521.355781
959.103045	2510.308093
959.403031	2505.244254
959.702979	2501.208810
960.002889	2495.396360
960.302762	2491.325628
960.602596	2489.893940
960.902393	2485.614001
961.202153	2483.151397
961.501875	2477.996817
961.801559	2475.486322
962.101205	2474.180664
962.400814	2472.441466
962.700385	2467.735548
962.999918	2468.045579
963.299414	2466.492904
963.598873	2465.096504
963.898293	2459.720114
964.197677	2461.174487
964.497022	2462.858232
964.796331	2458.994188
965.095601	2457.451595
965.394835	2458.386729
965.694030	2458.190124
965.993189	2458.454784
966.292309	2457.837243
966.591393	2454.431943
966.890439	2456.211471
967.189447	2456.904629
967.488419	2455.810699
967.787353	2457.701132
968.086249	2458.742130
968.385108	2459.392439
968.683930	2459.717593
968.982714	2462.336473
969.281462	2461.270269
969.580172	2464.620115
969.878844	2464.060547
970.177480	2469.245374
970.476078	2469.467185
970.774639	2475.100674
971.073162	2478.246354
971.371649	2477.177630
971.670098	2474.730149
971.968510	2478.085037
972.266885	2478.586632
972.565223	2484.043681
972.863524	2485.223311
973.161788	2487.156594
973.460014	2485.596357
973.758204	2485.702221
974.056356	2487.741367
974.354471	2491.224805
974.652550	2488.406800
974.950591	2489.742706
975.248595	2487.275061
975.546563	2488.651296
975.844493	2484.726758
976.142386	2486.027375
976.440243	2482.087713
976.738062	2476.824749
977.035845	2476.519759
977.333590	2472.030612
977.631299	2473.948771
977.928971	2471.367700
978.226606	2467.163377
978.524204	2465.391412
978.821765	2464.587348
979.119290	2463.589199
979.416777	2466.631536
979.714228	2465.235136
980.011642	2466.318984
980.309020	2472.459110
980.606360	2474.097485
980.903664	2483.905049
981.200931	2495.419045
981.498162	2518.716737
981.795356	2545.402085
982.092513	2584.773497
982.389633	2627.257821
982.686717	2672.539985
982.983764	2703.061651
983.280775	2722.094527
983.577749	2722.187789
983.874686	2709.907538
984.171587	2694.564786
984.468451	2680.502488
984.765279	2661.141936
985.062070	2641.521766
985.358824	2624.948972
985.655543	2602.712443
985.952224	2581.211922
986.248869	2551.900132
986.545478	2524.758560
986.842050	2506.507063
987.138586	2487.401090
987.435086	2472.733852
987.731549	2459.929322
988.027975	2457.648200
988.324366	2448.599328
988.620719	2448.881633
988.917037	2444.379883
989.213318	2442.887701
989.509563	2437.622216
989.805772	2437.501228
990.101944	2433.029725
990.398080	2436.470312
990.694180	2433.223809
990.990244	2434.852102
991.286271	2433.806062
991.582262	2435.497370
991.878217	2435.265477
992.174136	2436.815631
992.470019	2436.740014
992.765865	2438.776640
993.061676	2438.045673
993.357450	2441.687907
993.653188	2449.826849
993.948890	2450.640996
994.244556	2456.213991
994.540186	2467.574232
994.835780	2479.746098
995.131337	2494.557008
995.426859	2507.676610
995.722345	2530.719725
996.017795	2546.359904
996.313208	2561.997564
996.608586	2571.656414
996.903928	2576.198494
997.199234	2573.980386
997.494504	2574.439131
997.789738	2566.161557
998.084936	2554.579506
998.380099	2542.868905
998.675225	2532.116124
998.970316	2520.594567
999.265371	2502.975734
999.560390	2488.994094
999.855373	2478.092599
1000.150320	2470.316619
1000.445232	2460.050309
1000.740108	2454.172324
1001.034948	2448.127981
1001.329752	2439.699171
1001.624521	2436.273707
1001.919254	2429.256421
1002.213951	2429.894127
1002.508613	2426.428334
1002.803239	2424.399269
1003.097829	2420.986408
1003.392384	2424.477407
1003.686903	2422.627304
1003.981386	2423.121337
1004.275834	2419.995822
1004.570246	2420.033630
1004.864623	2419.801737
1005.158964	2417.452559
1005.453270	2414.024575
1005.747540	2414.024575
1006.041775	2419.073290
1006.335974	2416.497261
1006.630138	2417.397107
1006.924266	2415.032806
1007.218359	2415.393248
1007.512416	2415.118505
1007.806438	2413.452404
1008.100425	2413.606159
1008.394376	2413.212949
1008.688292	2414.168248
1008.982172	2413.981725
1009.276017	2411.438463
1009.569827	2410.911662
1009.863602	2415.060532
1010.157341	2412.522311
1010.451045	2410.566343
1010.744714	2411.945099
1011.038347	2412.905439
1011.331945	2412.844945
1011.625508	2409.159861
1011.919036	2409.595921
1012.212528	2407.483678
1012.505986	2407.153482
1012.799408	2409.840417
1013.092795	2408.885118
1013.386147	2410.198339
1013.679464	2408.602814
1013.972745	2408.169275
1014.265992	2409.709347
1014.559204	2412.194636
1014.852380	2406.843451
1015.145521	2409.842938
1015.438628	2408.176836
1015.731699	2408.607855
1016.024736	2409.560633
1016.317737	2409.288411
1016.610703	2408.315468
1016.903635	2408.116343
1017.196531	2405.341187
1017.489393	2407.387896
1017.782219	2406.339336
1018.075011	2411.277146
1018.367768	2409.784964
1018.660490	2409.457289
1018.953177	2409.457289
1019.245829	2409.457289
