Wavelength (nm)	EQE (%)	Current (A)	Dark Current (A) -> 	-533.310140000E-12	
400.000000	27.749153	-6.122133E-7
401.000000	30.199408	-8.959898E-7
402.000000	30.305571	-1.341594E-6
403.000000	29.963649	-2.017393E-6
404.000000	29.804379	-2.693670E-6
405.000000	29.920076	-3.569859E-6
406.000000	29.592699	-4.908593E-6
407.000000	29.377255	-5.309638E-6
408.000000	28.824771	-5.595615E-6
409.000000	28.799998	-6.298048E-6
410.000000	28.823329	-6.348969E-6
411.000000	29.198880	-8.437431E-6
412.000000	28.884220	-9.712054E-6
413.000000	28.820291	-1.267039E-5
414.000000	28.738050	-1.476856E-5
415.000000	28.302408	-1.461101E-5
416.000000	27.947013	-1.393931E-5
417.000000	27.869406	-1.227337E-5
418.000000	26.772475	-8.153967E-6
419.000000	26.704903	-5.868684E-6
420.000000	27.216463	-6.056398E-6
421.000000	27.086683	-6.575633E-6
422.000000	26.834828	-5.931867E-6
423.000000	26.940579	-6.154691E-6
424.000000	26.807158	-6.863222E-6
425.000000	26.973387	-7.357207E-6
426.000000	27.105881	-7.924244E-6
427.000000	27.058135	-8.295046E-6
428.000000	27.080630	-9.236023E-6
429.000000	27.311829	-1.031672E-5
430.000000	27.145993	-1.110591E-5
431.000000	27.364068	-1.139000E-5
432.000000	27.047334	-1.123685E-5
433.000000	27.618972	-1.168453E-5
434.000000	27.676065	-1.294858E-5
435.000000	27.764810	-1.332642E-5
436.000000	27.719648	-1.339937E-5
437.000000	27.958555	-1.467309E-5
438.000000	28.313191	-1.544705E-5
439.000000	28.570942	-1.534712E-5
440.000000	28.577414	-1.512516E-5
441.000000	28.780826	-1.678431E-5
442.000000	28.987355	-1.666958E-5
443.000000	29.222021	-1.608575E-5
444.000000	29.263356	-1.596296E-5
445.000000	29.604627	-1.609183E-5
446.000000	29.483105	-1.549643E-5
447.000000	30.221416	-1.779701E-5
448.000000	30.072901	-2.001741E-5
449.000000	30.349970	-1.890205E-5
450.000000	30.255190	-1.745834E-5
451.000000	30.835138	-1.911466E-5
452.000000	31.202682	-2.053573E-5
453.000000	31.214472	-1.941030E-5
454.000000	31.251590	-1.712779E-5
455.000000	31.668570	-1.783130E-5
456.000000	32.089559	-2.127604E-5
457.000000	30.946735	-2.338401E-5
458.000000	31.989621	-2.408149E-5
459.000000	32.282855	-2.303309E-5
460.000000	32.529766	-2.147003E-5
461.000000	32.528989	-2.034698E-5
462.000000	32.550646	-1.983071E-5
463.000000	32.631917	-1.989800E-5
464.000000	33.122415	-1.992243E-5
465.000000	33.590529	-2.068238E-5
466.000000	33.875239	-1.945568E-5
467.000000	33.891281	-1.597412E-5
468.000000	33.369693	-1.520753E-5
469.000000	34.184116	-1.997381E-5
470.000000	34.211823	-2.145569E-5
471.000000	34.116375	-1.654440E-5
472.000000	33.968748	-1.518837E-5
473.000000	35.266424	-2.131955E-5
474.000000	35.281966	-2.244038E-5
475.000000	35.166945	-1.746788E-5
476.000000	35.277696	-1.617827E-5
477.000000	36.023832	-1.946555E-5
478.000000	35.676659	-1.841805E-5
479.000000	35.662275	-1.781128E-5
480.000000	36.406877	-2.146964E-5
481.000000	36.481071	-2.147561E-5
482.000000	35.372928	-1.535853E-5
483.000000	36.150384	-1.556792E-5
484.000000	37.441328	-2.052327E-5
485.000000	36.702869	-1.729108E-5
486.000000	36.608372	-1.513071E-5
487.000000	37.415006	-1.827664E-5
488.000000	38.367477	-1.904154E-5
489.000000	37.076989	-1.578497E-5
490.000000	37.947997	-1.757899E-5
491.000000	37.639263	-1.948550E-5
492.000000	38.369387	-2.181797E-5
493.000000	38.601770	-2.354058E-5
494.000000	38.261229	-2.152440E-5
495.000000	38.502125	-2.066399E-5
496.000000	39.095738	-2.394733E-5
497.000000	39.633385	-2.597159E-5
498.000000	38.963358	-2.364917E-5
499.000000	39.525637	-2.311194E-5
500.000000	39.948833	-2.601507E-5
501.000000	39.308633	-3.136149E-5
502.000000	40.060171	-3.002702E-5
503.000000	39.979289	-2.794570E-5
504.000000	40.464489	-3.250673E-5
505.000000	41.274277	-3.763226E-5
506.000000	41.354497	-3.511625E-5
507.000000	41.319578	-2.872082E-5
508.000000	40.958658	-2.818316E-5
509.000000	41.242767	-2.852839E-5
510.000000	40.602912	-2.460123E-5
511.000000	40.842195	-2.173239E-5
512.000000	41.156840	-2.468398E-5
513.000000	41.768681	-2.844700E-5
514.000000	42.064360	-3.396564E-5
515.000000	42.523027	-4.046300E-5
516.000000	43.141410	-5.191462E-5
517.000000	43.374708	-6.237167E-5
518.000000	43.242895	-5.457371E-5
519.000000	43.033297	-4.448757E-5
520.000000	43.302505	-4.196563E-5
521.000000	43.146854	-3.273347E-5
522.000000	42.579969	-2.506315E-5
523.000000	41.547575	-2.280980E-5
524.000000	42.456421	-2.995894E-5
525.000000	43.491998	-4.265662E-5
526.000000	43.688538	-4.793650E-5
527.000000	43.954402	-5.180143E-5
528.000000	44.316063	-5.925383E-5
529.000000	44.581623	-5.750340E-5
530.000000	43.427441	-4.247965E-5
531.000000	43.204379	-3.158705E-5
532.000000	42.835543	-2.547626E-5
533.000000	43.522998	-2.675822E-5
534.000000	44.779669	-2.964527E-5
535.000000	44.092117	-3.721992E-5
536.000000	45.418828	-5.381971E-5
537.000000	44.819710	-5.401933E-5
538.000000	44.653136	-4.044659E-5
539.000000	44.786076	-4.000451E-5
540.000000	44.292252	-3.321163E-5
541.000000	43.730113	-2.869809E-5
542.000000	44.221174	-3.011654E-5
543.000000	44.298488	-3.540008E-5
544.000000	45.476857	-4.854304E-5
545.000000	45.553733	-5.316583E-5
546.000000	45.221711	-4.699343E-5
547.000000	45.929033	-4.775948E-5
548.000000	44.897362	-3.815665E-5
549.000000	44.477700	-2.761091E-5
550.000000	44.985631	-2.753027E-5
551.000000	44.665491	-3.032286E-5
552.000000	45.551843	-4.078598E-5
553.000000	46.030699	-5.033085E-5
554.000000	45.970016	-5.201884E-5
555.000000	46.667446	-5.313313E-5
556.000000	46.184258	-4.617845E-5
557.000000	45.503872	-3.609076E-5
558.000000	45.744943	-3.452391E-5
559.000000	45.705515	-3.844566E-5
560.000000	46.086307	-4.612838E-5
561.000000	46.272809	-5.437998E-5
562.000000	45.998192	-4.912987E-5
563.000000	46.495479	-4.875051E-5
564.000000	45.766453	-4.139785E-5
565.000000	45.262157	-3.183116E-5
566.000000	45.884845	-3.181987E-5
567.000000	45.623370	-3.381712E-5
568.000000	46.096000	-4.104764E-5
569.000000	45.812508	-4.684967E-5
570.000000	45.510420	-4.429224E-5
571.000000	45.458284	-4.132031E-5
572.000000	45.368036	-3.785853E-5
573.000000	45.151369	-3.070203E-5
574.000000	45.848522	-3.117284E-5
575.000000	45.727145	-3.616857E-5
576.000000	46.379926	-4.662466E-5
577.000000	46.543638	-5.208093E-5
578.000000	46.134724	-5.448157E-5
579.000000	45.913151	-5.080704E-5
580.000000	45.615920	-4.203649E-5
581.000000	46.144066	-3.791047E-5
582.000000	45.895819	-3.554259E-5
583.000000	46.290190	-3.972610E-5
584.000000	47.082439	-4.812970E-5
585.000000	46.648673	-5.084943E-5
586.000000	46.589241	-4.849617E-5
587.000000	46.778441	-4.619821E-5
588.000000	46.731568	-3.919247E-5
589.000000	46.115898	-3.692254E-5
590.000000	46.922051	-3.855500E-5
591.000000	46.260222	-5.588786E-5
592.000000	46.395849	-5.644197E-5
593.000000	46.358708	-5.652754E-5
594.000000	46.210034	-5.384749E-5
595.000000	46.708605	-5.296361E-5
596.000000	46.953453	-5.372789E-5
597.000000	46.962230	-5.520408E-5
598.000000	47.107533	-5.991224E-5
599.000000	46.986034	-6.401449E-5
600.000000	47.000603	-6.688440E-5
601.000000	46.639080	-6.871019E-5
602.000000	46.709182	-6.794554E-5
603.000000	46.244900	-6.613152E-5
604.000000	46.163094	-6.195716E-5
605.000000	46.228394	-5.905718E-5
606.000000	46.126164	-5.941073E-5
607.000000	46.309246	-6.083512E-5
608.000000	46.479828	-6.635099E-5
609.000000	46.665461	-7.228933E-5
610.000000	46.859511	-7.561061E-5
611.000000	46.859297	-7.787097E-5
612.000000	46.245353	-7.596271E-5
613.000000	45.762503	-7.198106E-5
614.000000	45.622436	-6.637198E-5
615.000000	45.704742	-6.262727E-5
616.000000	45.774161	-6.336815E-5
617.000000	45.346353	-6.641388E-5
618.000000	45.795683	-7.319878E-5
619.000000	45.563644	-7.793623E-5
620.000000	45.332376	-7.985562E-5
621.000000	45.022356	-8.130862E-5
622.000000	44.627271	-8.168407E-5
623.000000	44.351449	-8.277634E-5
624.000000	44.009677	-8.437638E-5
625.000000	43.822808	-8.867400E-5
626.000000	44.035458	-8.397413E-5
627.000000	42.107120	-8.246599E-5
628.000000	42.527680	-8.167702E-5
629.000000	42.568256	-8.179979E-5
630.000000	42.243113	-8.254780E-5
631.000000	42.165295	-8.601473E-5
632.000000	41.951371	-8.975370E-5
633.000000	42.070363	-9.247352E-5
634.000000	41.941651	-9.450589E-5
635.000000	41.686531	-9.353385E-5
636.000000	41.469797	-9.185112E-5
637.000000	41.479588	-9.168072E-5
638.000000	41.570793	-9.161168E-5
639.000000	41.517391	-9.259169E-5
640.000000	41.633539	-9.119831E-5
641.000000	41.521735	-8.931613E-5
642.000000	41.837970	-8.972880E-5
643.000000	42.026406	-9.036256E-5
644.000000	42.189472	-9.547332E-5
645.000000	42.423974	-0.000100
646.000000	42.664810	-0.000104
647.000000	42.599509	-0.000104
648.000000	42.616494	-9.955056E-5
649.000000	43.010583	-9.711277E-5
650.000000	43.015861	-9.461457E-5
651.000000	43.574429	-9.735780E-5
652.000000	43.662127	-0.000103
653.000000	43.914187	-0.000107
654.000000	44.018621	-0.000110
655.000000	43.959267	-0.000107
656.000000	44.064801	-0.000102
657.000000	44.369177	-0.000101
658.000000	44.591559	-9.952134E-5
659.000000	44.869562	-0.000106
660.000000	45.167399	-0.000115
661.000000	45.224555	-0.000120
662.000000	45.338549	-0.000122
663.000000	45.330774	-0.000116
664.000000	45.279652	-0.000104
665.000000	45.564370	-9.945596E-5
666.000000	46.213391	-0.000104
667.000000	46.514574	-0.000113
668.000000	46.498025	-0.000122
669.000000	46.710061	-0.000128
670.000000	46.663396	-0.000124
671.000000	46.515050	-0.000114
672.000000	47.095384	-0.000112
673.000000	47.282973	-0.000110
674.000000	47.094736	-0.000111
675.000000	47.812194	-0.000123
676.000000	47.390934	-0.000126
677.000000	47.615466	-0.000126
678.000000	47.526491	-0.000125
679.000000	47.497980	-0.000117
680.000000	47.716655	-0.000111
681.000000	48.007895	-0.000118
682.000000	48.063208	-0.000125
683.000000	48.001385	-0.000129
684.000000	48.103570	-0.000132
685.000000	47.904426	-0.000129
686.000000	47.771174	-0.000116
687.000000	48.252034	-0.000114
688.000000	48.380037	-0.000123
689.000000	48.466985	-0.000128
690.000000	48.811133	-0.000135
691.000000	48.581325	-0.000137
692.000000	48.482204	-0.000129
693.000000	48.634971	-0.000123
694.000000	48.691864	-0.000116
695.000000	49.094453	-0.000116
696.000000	49.139398	-0.000123
697.000000	49.537191	-0.000133
698.000000	49.625337	-0.000138
699.000000	49.525757	-0.000133
700.000000	49.735976	-0.000128
701.000000	49.794443	-0.000126
702.000000	49.683298	-0.000120
703.000000	50.005085	-0.000124
704.000000	50.052314	-0.000136
705.000000	50.240319	-0.000139
706.000000	50.481986	-0.000133
707.000000	50.524832	-0.000134
708.000000	50.645548	-0.000132
709.000000	50.293170	-0.000118
710.000000	50.484750	-0.000120
711.000000	50.918099	-0.000142
712.000000	50.703206	-0.000150
713.000000	50.789634	-0.000142
714.000000	50.464707	-0.000130
715.000000	50.436567	-0.000121
716.000000	50.143127	-0.000121
717.000000	50.695324	-0.000126
718.000000	50.550138	-0.000133
719.000000	50.636544	-0.000140
720.000000	50.665391	-0.000140
721.000000	50.766562	-0.000139
722.000000	50.796675	-0.000132
723.000000	50.822218	-0.000125
724.000000	50.859790	-0.000127
725.000000	50.685307	-0.000132
726.000000	51.142293	-0.000138
727.000000	51.216764	-0.000142
728.000000	51.065933	-0.000140
729.000000	51.053677	-0.000133
730.000000	51.025520	-0.000127
731.000000	50.991186	-0.000126
732.000000	51.204681	-0.000128
733.000000	51.040930	-0.000134
734.000000	51.105954	-0.000139
735.000000	51.011246	-0.000138
736.000000	50.879505	-0.000134
737.000000	50.885102	-0.000131
738.000000	50.633908	-0.000125
739.000000	50.801260	-0.000125
740.000000	50.918275	-0.000128
741.000000	51.001834	-0.000131
742.000000	51.142224	-0.000134
743.000000	50.894652	-0.000131
744.000000	51.027426	-0.000125
745.000000	50.692537	-0.000121
746.000000	50.978329	-0.000119
747.000000	50.904699	-0.000119
748.000000	51.014624	-0.000124
749.000000	50.832704	-0.000124
750.000000	50.788408	-0.000124
751.000000	50.636609	-0.000121
752.000000	50.713115	-0.000115
753.000000	50.728881	-0.000112
754.000000	50.677651	-0.000110
755.000000	50.904317	-0.000111
756.000000	50.829614	-0.000113
757.000000	50.606023	-0.000113
758.000000	50.591566	-0.000111
759.000000	50.730365	-0.000109
760.000000	50.481739	-0.000104
761.000000	50.423068	-0.000101
762.000000	50.534601	-0.000100
763.000000	50.506507	-0.000102
764.000000	50.557788	-0.000104
765.000000	50.498208	-0.000103
766.000000	50.363277	-0.000101
767.000000	50.377988	-9.855609E-5
768.000000	50.588896	-9.593805E-5
769.000000	50.626052	-9.417579E-5
770.000000	50.341302	-9.400024E-5
771.000000	50.524892	-9.555966E-5
772.000000	50.406900	-9.660018E-5
773.000000	50.238618	-9.546649E-5
774.000000	50.030410	-9.254581E-5
775.000000	50.028344	-8.879953E-5
776.000000	50.056544	-8.599120E-5
777.000000	49.957337	-8.625291E-5
778.000000	49.935412	-8.855829E-5
779.000000	49.939939	-9.086406E-5
780.000000	49.894949	-9.138477E-5
781.000000	49.696936	-8.890397E-5
782.000000	49.758914	-8.563357E-5
783.000000	49.769329	-8.282560E-5
784.000000	49.819061	-8.227523E-5
785.000000	49.676723	-8.437983E-5
786.000000	49.634035	-8.585776E-5
787.000000	49.569698	-8.637854E-5
788.000000	49.468543	-8.528990E-5
789.000000	49.490173	-8.184070E-5
790.000000	49.415043	-7.898270E-5
791.000000	49.390372	-7.788833E-5
792.000000	49.506068	-7.929498E-5
793.000000	49.342076	-8.176061E-5
794.000000	49.390515	-8.497931E-5
795.000000	49.194699	-8.602243E-5
796.000000	48.988738	-8.226447E-5
797.000000	49.194083	-7.963724E-5
798.000000	49.142992	-7.890367E-5
799.000000	49.018341	-7.967926E-5
800.000000	49.059721	-8.302913E-5
801.000000	48.797171	-8.651287E-5
802.000000	48.754633	-8.755330E-5
803.000000	48.775041	-8.520772E-5
804.000000	48.732488	-8.086702E-5
805.000000	48.735449	-7.780028E-5
806.000000	48.881076	-7.728265E-5
807.000000	48.755310	-7.943777E-5
808.000000	48.557214	-8.359492E-5
809.000000	48.468034	-8.492512E-5
810.000000	48.225451	-8.234184E-5
811.000000	48.220818	-7.962751E-5
812.000000	48.301859	-7.528246E-5
813.000000	48.295094	-7.307047E-5
814.000000	48.214774	-7.504338E-5
815.000000	48.119902	-7.769700E-5
816.000000	48.002802	-8.137488E-5
817.000000	47.970301	-8.150496E-5
818.000000	47.922163	-7.666825E-5
819.000000	47.832395	-7.241883E-5
820.000000	47.835892	-7.040012E-5
821.000000	47.732953	-7.094259E-5
822.000000	47.733071	-7.452344E-5
823.000000	47.536423	-7.815837E-5
824.000000	47.514972	-7.946542E-5
825.000000	47.466924	-7.741415E-5
826.000000	47.501668	-7.352666E-5
827.000000	47.136042	-7.132540E-5
828.000000	47.268169	-7.220458E-5
829.000000	47.158063	-7.365944E-5
830.000000	47.038493	-7.608113E-5
831.000000	46.749253	-7.770550E-5
832.000000	46.553879	-7.659059E-5
833.000000	46.609903	-7.382871E-5
834.000000	46.513408	-7.031189E-5
835.000000	46.494123	-6.792876E-5
836.000000	46.341738	-6.872360E-5
837.000000	46.268990	-7.113651E-5
838.000000	46.030349	-7.234225E-5
839.000000	45.876163	-7.259595E-5
840.000000	45.901418	-7.159377E-5
841.000000	45.827439	-6.862836E-5
842.000000	45.728412	-6.657178E-5
843.000000	45.643065	-6.736423E-5
844.000000	45.410916	-6.879617E-5
845.000000	45.303491	-6.988664E-5
846.000000	45.030830	-6.980205E-5
847.000000	45.009395	-6.880757E-5
848.000000	45.030038	-6.591788E-5
849.000000	44.804143	-6.293807E-5
850.000000	44.796900	-6.297318E-5
851.000000	44.665864	-6.377907E-5
852.000000	44.491033	-6.413140E-5
853.000000	44.306626	-6.458484E-5
854.000000	44.178129	-6.350687E-5
855.000000	44.068006	-6.108289E-5
856.000000	44.033881	-5.905714E-5
857.000000	43.837592	-5.770574E-5
858.000000	43.711322	-5.787252E-5
859.000000	43.595112	-5.843024E-5
860.000000	43.544646	-5.782433E-5
861.000000	43.334503	-5.587457E-5
862.000000	43.037903	-5.316611E-5
863.000000	42.933730	-5.064924E-5
864.000000	42.911876	-4.968526E-5
865.000000	42.626929	-4.927217E-5
866.000000	42.403601	-4.829624E-5
867.000000	42.132791	-4.795238E-5
868.000000	41.867643	-4.662182E-5
869.000000	41.704733	-4.420061E-5
870.000000	41.539406	-4.288717E-5
871.000000	41.181692	-4.160536E-5
872.000000	40.911658	-4.080089E-5
873.000000	40.729356	-4.079319E-5
874.000000	40.311403	-3.991451E-5
875.000000	39.992872	-3.855486E-5
876.000000	39.517296	-3.702077E-5
877.000000	39.070510	-3.546149E-5
878.000000	38.714063	-3.462263E-5
879.000000	38.239207	-3.376959E-5
880.000000	37.647854	-3.292487E-5
881.000000	37.124598	-3.232928E-5
882.000000	36.478737	-3.115281E-5
883.000000	35.882160	-3.017891E-5
884.000000	35.275928	-2.931478E-5
885.000000	34.619993	-2.797942E-5
886.000000	33.983557	-2.690726E-5
887.000000	32.961242	-2.622368E-5
888.000000	32.437199	-2.578954E-5
889.000000	31.531287	-2.485937E-5
890.000000	30.827106	-2.407057E-5
891.000000	30.103063	-2.313118E-5
892.000000	29.182845	-2.205604E-5
893.000000	28.322501	-2.135135E-5
894.000000	27.563724	-2.105309E-5
895.000000	26.622983	-2.036566E-5
896.000000	25.681016	-1.936771E-5
897.000000	24.612952	-1.857290E-5
898.000000	23.863345	-1.789830E-5
899.000000	23.059523	-1.722267E-5
900.000000	22.194992	-1.655546E-5
901.000000	21.289467	-1.577906E-5
902.000000	20.449820	-1.526089E-5
903.000000	19.620809	-1.452495E-5
904.000000	18.775500	-1.383474E-5
905.000000	17.948433	-1.338495E-5
906.000000	17.224099	-1.271846E-5
907.000000	16.466372	-1.215264E-5
908.000000	15.741836	-1.161808E-5
909.000000	15.039677	-1.102109E-5
910.000000	14.377402	-1.059286E-5
911.000000	13.699039	-1.008144E-5
912.000000	13.060563	-9.636357E-6
913.000000	12.488396	-9.291401E-6
914.000000	11.886612	-8.794614E-6
915.000000	11.321795	-8.365026E-6
916.000000	10.746343	-7.880034E-6
917.000000	10.244585	-7.415080E-6
918.000000	9.753423	-7.167189E-6
919.000000	9.286549	-6.821539E-6
920.000000	8.827394	-6.384693E-6
921.000000	8.410325	-6.124252E-6
922.000000	7.978311	-5.771046E-6
923.000000	7.577358	-5.415393E-6
924.000000	7.214801	-5.183387E-6
925.000000	6.867739	-4.879067E-6
926.000000	6.489202	-4.657141E-6
927.000000	6.186281	-4.448918E-6
928.000000	5.859327	-4.181165E-6
929.000000	5.566323	-3.975610E-6
930.000000	5.275705	-3.684167E-6
931.000000	4.985464	-3.420007E-6
932.000000	4.742769	-3.250073E-6
933.000000	4.497247	-3.042911E-6
934.000000	4.258478	-2.888961E-6
935.000000	4.044766	-2.728910E-6
936.000000	3.822604	-2.548016E-6
937.000000	3.627095	-2.429076E-6
938.000000	3.430637	-2.270199E-6
939.000000	3.237852	-2.120165E-6
940.000000	3.068956	-2.031215E-6
941.000000	2.912801	-1.916015E-6
942.000000	2.749566	-1.815266E-6
943.000000	2.602076	-1.709564E-6
944.000000	2.459886	-1.573720E-6
945.000000	2.317689	-1.468135E-6
946.000000	2.191242	-1.368267E-6
947.000000	2.071427	-1.275278E-6
948.000000	1.961021	-1.216893E-6
949.000000	1.849490	-1.142823E-6
950.000000	1.747724	-1.072159E-6
951.000000	1.654452	-1.010672E-6
952.000000	1.553423	-9.339846E-7
953.000000	1.465318	-8.815036E-7
954.000000	1.389375	-8.370671E-7
955.000000	1.305924	-7.774998E-7
956.000000	1.231919	-7.394078E-7
957.000000	1.161048	-6.895809E-7
958.000000	1.093182	-6.376720E-7
959.000000	1.031699	-5.947792E-7
960.000000	0.970194	-5.455599E-7
961.000000	0.915134	-5.106538E-7
962.000000	0.862618	-4.802193E-7
963.000000	0.813053	-4.493958E-7
964.000000	0.765862	-4.271162E-7
965.000000	0.722586	-3.979642E-7
966.000000	0.678742	-3.690516E-7
967.000000	0.639506	-3.476935E-7
968.000000	0.600779	-3.232128E-7
969.000000	0.565845	-3.044177E-7
970.000000	0.534211	-2.862378E-7
971.000000	0.502175	-2.641188E-7
972.000000	0.472783	-2.457304E-7
973.000000	0.446372	-2.275161E-7
974.000000	0.421194	-2.096465E-7
975.000000	0.396431	-1.953067E-7
976.000000	0.373830	-1.819898E-7
977.000000	0.352363	-1.711709E-7
978.000000	0.332304	-1.620716E-7
979.000000	0.312415	-1.517517E-7
980.000000	0.294838	-1.427698E-7
981.000000	0.277655	-1.333748E-7
982.000000	0.261859	-1.250717E-7
983.000000	0.248135	-1.189394E-7
984.000000	0.233576	-1.114909E-7
985.000000	0.219793	-1.038772E-7
986.000000	0.207503	-9.685636E-8
987.000000	0.195917	-8.943559E-8
988.000000	0.185281	-8.326312E-8
989.000000	0.175414	-7.798009E-8
990.000000	0.165233	-7.248430E-8
991.000000	0.156317	-6.875941E-8
992.000000	0.148094	-6.561395E-8
993.000000	0.139943	-6.245722E-8
994.000000	0.132521	-5.985169E-8
995.000000	0.125478	-5.693718E-8
996.000000	0.118769	-5.393177E-8
997.000000	0.112258	-5.115534E-8
998.000000	0.106177	-4.826139E-8
999.000000	0.100665	-4.588896E-8
1000.000000	0.095675	-4.340251E-8
1001.000000	0.090678	-4.077276E-8
1002.000000	0.086066	-3.861210E-8
1003.000000	0.081707	-3.627454E-8
1004.000000	0.077732	-3.409589E-8
1005.000000	0.074176	-3.250592E-8
1006.000000	0.070353	-3.096353E-8
1007.000000	0.066970	-2.983271E-8
1008.000000	0.063606	-2.860759E-8
1009.000000	0.060590	-2.726325E-8
1010.000000	0.057710	-2.602616E-8
1011.000000	0.054884	-2.475542E-8
1012.000000	0.052487	-2.368422E-8
1013.000000	0.050148	-2.291485E-8
1014.000000	0.047680	-2.197036E-8
1015.000000	0.045525	-2.095427E-8
1016.000000	0.043449	-2.008040E-8
1017.000000	0.041563	-1.942172E-8
1018.000000	0.039641	-1.902108E-8
1019.000000	0.038029	-1.879446E-8
1020.000000	0.036152	-1.865523E-8
1021.000000	0.034557	-1.828269E-8
1022.000000	0.032877	-1.751414E-8
1023.000000	0.031246	-1.683876E-8
1024.000000	0.029892	-1.651935E-8
1025.000000	0.028605	-1.636437E-8
1026.000000	0.027544	-1.641278E-8
1027.000000	0.026428	-1.650279E-8
1028.000000	0.025393	-1.674126E-8
1029.000000	0.024313	-1.682900E-8
1030.000000	0.023280	-1.676725E-8
1031.000000	0.022399	-1.653991E-8
1032.000000	0.021466	-1.607789E-8
1033.000000	0.020572	-1.532131E-8
1034.000000	0.019798	-1.426558E-8
1035.000000	0.018940	-1.299066E-8
1036.000000	0.018359	-1.173606E-8
1037.000000	0.017683	-1.064050E-8
1038.000000	0.016932	-9.773650E-9
1039.000000	0.016439	-9.164808E-9
1040.000000	0.015854	-8.672407E-9
1041.000000	0.015256	-8.269369E-9
1042.000000	0.014618	-7.870048E-9
1043.000000	0.014075	-7.524160E-9
1044.000000	0.013575	-7.258599E-9
1045.000000	0.013038	-7.030252E-9
1046.000000	0.012575	-6.888900E-9
1047.000000	0.012129	-6.838715E-9
1048.000000	0.011645	-6.792395E-9
1049.000000	0.011141	-6.704293E-9
1050.000000	0.010733	-6.645649E-9
1051.000000	0.010344	-6.525799E-9
1052.000000	0.009901	-6.417693E-9
1053.000000	0.009527	-6.446010E-9
1054.000000	0.009135	-6.393652E-9
1055.000000	0.008780	-6.395848E-9
1056.000000	0.008419	-6.512734E-9
1057.000000	0.008122	-6.625374E-9
1058.000000	0.007781	-6.730540E-9
1059.000000	0.007458	-7.049839E-9
1060.000000	0.007190	-7.691808E-9
1061.000000	0.006897	-8.701485E-9
1062.000000	0.006602	-1.034067E-8
1063.000000	0.006115	-1.593398E-8
1064.000000	0.005982	-2.700678E-8
1065.000000	0.005691	-3.018451E-8
1066.000000	0.005436	-1.958734E-8
1067.000000	0.005081	-1.103231E-8
1068.000000	0.004961	-7.920117E-9
1069.000000	0.004951	-6.013332E-9
1070.000000	0.004784	-4.794537E-9
1071.000000	0.004744	-4.091294E-9
1072.000000	0.004685	-3.651278E-9
1073.000000	0.004657	-3.283703E-9
1074.000000	0.004485	-2.985498E-9
1075.000000	0.004340	-2.752481E-9
1076.000000	0.004184	-2.556821E-9
1077.000000	0.004040	-2.416897E-9
1078.000000	0.003901	-2.283125E-9
1079.000000	0.003754	-2.150304E-9
1080.000000	0.003652	-2.045439E-9
1081.000000	0.003575	-1.935864E-9
1082.000000	0.003500	-1.842831E-9
1083.000000	0.003430	-1.776019E-9
1084.000000	0.003340	-1.695211E-9
1085.000000	0.003232	-1.625864E-9
1086.000000	0.003125	-1.566126E-9
1087.000000	0.003032	-1.496569E-9
1088.000000	0.002930	-1.429786E-9
1089.000000	0.002849	-1.387199E-9
1090.000000	0.002769	-1.336572E-9
1091.000000	0.002701	-1.291017E-9
1092.000000	0.002639	-1.246319E-9
1093.000000	0.002568	-1.200201E-9
1094.000000	0.002472	-1.145853E-9
1095.000000	0.002413	-1.099953E-9
1096.000000	0.002339	-1.054452E-9
1097.000000	0.002283	-1.035229E-9
1098.000000	0.002183	-9.884539E-10
1099.000000	0.002145	-9.934229E-10
1100.000000	0.002122	-1.007911E-9
