Dividing Wavelength (nm)	Counts (n)	Blue Motor Position (mm): 0.000000	Red Motor Position (mm): 9.400000	
326.493990	1979.378811
326.888308	1979.378811
327.282561	1979.378811
327.676750	1955.166149
328.070874	1957.843002
328.464933	1964.330967
328.858929	1971.738942
329.252859	1984.432567
329.646726	1997.998312
330.040528	2013.451970
330.434265	2030.899403
330.827938	2051.293391
331.221547	2072.743501
331.615091	2093.550863
332.008571	2110.547113
332.401986	2132.292130
332.795338	2152.965902
333.188625	2173.745538
333.581847	2190.230112
333.975006	2210.190560
334.368100	2229.644373
334.761129	2243.552916
335.154095	2259.694691
335.546996	2277.784872
335.939833	2288.686367
336.332606	2302.804118
336.725315	2312.561271
337.117960	2321.002683
337.510540	2328.965186
337.903056	2340.499346
338.295508	2344.189471
338.687896	2351.504185
339.080220	2359.983406
339.472480	2365.092615
339.864676	2368.170239
340.256807	2370.567308
340.648875	2370.829448
341.040879	2374.557381
341.432818	2374.852289
341.824694	2372.611496
342.216506	2375.361445
342.608253	2378.050901
342.999937	2372.994624
343.391557	2375.565612
343.783113	2368.097143
344.174605	2368.543285
344.566033	2367.744262
344.957397	2366.259642
345.348697	2366.607482
345.739934	2361.374764
346.131106	2360.048941
346.522215	2362.491380
346.913260	2357.598940
347.304241	2355.595081
347.695159	2354.758250
348.086012	2354.191120
348.476802	2352.151973
348.867528	2351.685666
349.258191	2351.103413
349.648789	2349.202898
350.039324	2346.526045
350.429796	2348.318176
350.820203	2347.869513
351.210548	2345.863134
351.600828	2346.757938
351.991045	2343.619820
352.381198	2343.977742
352.771288	2345.598473
353.161314	2345.192660
353.551276	2343.493791
353.941175	2346.697445
354.331010	2345.480006
354.720782	2346.102588
355.110490	2344.582681
355.500135	2345.946313
355.889717	2346.170644
356.279235	2345.527897
356.668689	2348.260202
357.058080	2346.485716
357.447408	2348.040912
357.836672	2344.466734
358.225873	2345.694255
358.615010	2346.563854
359.004084	2349.391941
359.393095	2350.279184
359.782043	2352.467045
360.170927	2354.654906
360.559748	2350.977384
360.948505	2356.174814
361.337199	2355.176665
361.725830	2352.686335
362.114398	2356.129443
362.502903	2355.559793
362.891344	2358.503827
363.279722	2357.674557
363.668037	2358.526512
364.056289	2359.277644
364.444478	2361.248735
364.832603	2359.202027
365.220665	2359.426358
365.608665	2359.786801
365.996601	2360.946266
366.384474	2360.608509
366.772284	2363.630680
367.160031	2362.743437
367.547715	2359.557428
367.935336	2363.083715
368.322893	2362.723273
368.710388	2362.425845
369.097820	2369.692668
369.485189	2365.049765
369.872495	2366.733511
370.259738	2368.802904
370.646918	2371.721732
371.034035	2371.232740
371.421090	2376.042001
371.808081	2377.869419
372.195010	2384.407796
372.581875	2383.127343
372.968678	2390.595812
373.355418	2396.609909
373.742096	2408.343194
374.128710	2418.075142
374.515262	2430.189035
374.901751	2442.486929
375.288177	2457.771708
375.674540	2477.341467
376.060841	2494.400732
376.447079	2519.198168
376.833254	2543.549461
377.219367	2567.131979
377.605417	2604.396188
377.991404	2630.285034
378.377329	2670.488236
378.763191	2701.077957
379.148991	2745.490522
379.534727	2794.460291
379.920402	2837.973010
380.306013	2885.422871
380.691563	2949.934517
381.077049	2999.584841
381.462474	3056.418809
381.847835	3130.327166
382.233134	3200.724359
382.618371	3260.149480
383.003545	3337.178311
383.388657	3418.688728
383.773706	3502.908764
384.158693	3578.188315
384.543618	3666.421110
384.928480	3741.317533
385.313280	3842.122966
385.698017	3940.606947
386.082692	4057.102971
386.467305	4113.458030
386.851856	4223.899629
387.236344	4365.424982
387.620770	4415.773506
388.005133	4522.177140
388.389435	4650.855112
388.773674	4715.777612
389.157851	4823.834745
389.541965	4926.757462
389.926018	4929.971198
390.310008	5067.120830
390.693936	5154.133666
391.077802	5231.117126
391.461606	5315.773222
391.845348	5383.755703
392.229027	5445.779539
392.612645	5596.323516
392.996200	5649.555580
393.379694	5745.355148
393.763125	5873.322317
394.146494	5896.120936
394.529801	5941.148522
394.913047	6070.491927
395.296230	6004.437688
395.679351	5976.776877
396.062410	6097.610814
396.445408	5948.317043
396.828343	5980.436754
397.211217	5987.781715
397.594028	5833.557696
397.976778	5879.638883
398.359466	5905.973871
398.742092	5794.413136
399.124656	5797.417664
399.507158	5816.445499
399.889598	5735.902984
400.271977	5754.187249
400.654294	5672.185320
401.036549	5672.412172
401.418742	5591.113484
401.800874	5632.818950
402.182944	5569.378549
402.564952	5625.501715
402.946898	5439.596564
403.328783	5356.276373
403.710606	5324.650694
404.092367	5320.078368
404.474067	5346.136092
404.855705	5153.241381
405.237282	5023.328326
405.618797	5058.881064
406.000250	5028.871075
406.381642	5026.020302
406.762972	4894.345364
407.144240	4731.390066
407.525447	4686.584290
407.906593	4560.497471
408.287677	4519.487684
408.668700	4446.748876
409.049661	4339.331969
409.430560	4269.421248
409.811399	4168.134385
410.192176	4101.971761
410.572891	4016.990510
410.953545	4000.173221
411.334138	3829.648630
411.714669	3820.309893
412.095139	3644.734066
412.475547	3627.374853
412.855894	3533.437992
413.236180	3493.252434
413.616405	3386.790827
413.996568	3343.207531
414.376670	3275.882922
414.756711	3205.024463
415.136691	3164.183555
415.516609	3116.605145
415.896466	3068.862898
416.276262	3034.106662
416.655997	3006.526510
417.035670	2959.905919
417.415283	2945.934361
417.794834	2902.968607
418.174324	2854.553365
418.553753	2809.785399
418.933121	2792.557255
419.312428	2749.253744
419.691674	2719.400031
420.070859	2702.260108
420.449983	2666.283913
420.829045	2656.579692
421.208047	2626.763788
421.586988	2614.569237
421.965867	2599.304623
422.344686	2580.775862
422.723444	2574.476940
423.102141	2539.826569
423.480777	2544.187167
423.859352	2528.090763
424.237866	2525.194620
424.616319	2512.697600
424.994712	2509.859430
425.373044	2500.505569
425.751314	2498.100939
426.129524	2487.675832
426.507673	2488.114413
426.885762	2481.273567
427.263789	2476.658391
427.641756	2472.317957
428.019662	2469.129428
428.397508	2465.885445
428.775292	2463.513582
429.153016	2459.833540
429.530679	2461.786987
429.908282	2457.252469
430.285824	2452.856583
430.663305	2451.354319
431.040726	2450.020934
431.418086	2447.775100
431.795385	2450.933383
432.172624	2447.608742
432.549802	2443.207814
432.926920	2444.437856
433.303977	2442.093719
433.680974	2441.574481
434.057910	2442.073555
434.434786	2441.382917
434.811601	2439.913420
435.188355	2441.244285
435.565050	2442.370983
435.941683	2439.638677
436.318257	2439.399223
436.694770	2436.238419
437.071222	2437.501228
437.447614	2431.787080
437.823946	2433.601896
438.200218	2438.305292
438.576429	2433.233892
438.952580	2433.337235
439.328670	2432.253387
439.704700	2432.069385
440.080670	2432.964190
440.456580	2433.886721
440.832429	2435.376382
441.208218	2433.281783
441.583947	2434.106011
441.959616	2432.477718
442.335224	2433.667431
442.710773	2434.811773
443.086261	2433.024684
443.461689	2433.664910
443.837057	2433.042328
444.212365	2434.824376
444.587612	2435.678851
444.962800	2432.046700
445.337927	2433.354879
445.712995	2429.437903
446.088002	2435.729263
446.462949	2435.575508
446.837837	2436.127514
447.212664	2432.359251
447.587431	2440.546085
447.962139	2446.890377
448.336786	2453.292643
448.711374	2450.918259
449.085901	2439.343770
449.460369	2441.486260
449.834776	2441.201435
450.209124	2444.379883
450.583412	2445.627568
450.957640	2446.537497
451.331808	2443.394337
451.705917	2439.431990
452.079965	2438.511980
452.453954	2440.382248
452.827883	2440.525921
453.201752	2438.539706
453.575562	2442.345777
453.949311	2442.393668
454.323001	2440.893925
454.696632	2442.098761
455.070202	2444.742846
455.443713	2446.348453
455.817164	2445.085644
456.190556	2445.675459
456.563888	2443.076744
456.937160	2442.617999
457.310373	2443.689245
457.683526	2446.749225
458.056619	2447.729729
458.429653	2446.093875
458.802628	2444.195881
459.175542	2445.607404
459.548398	2449.640327
459.921194	2450.015893
460.293930	2454.699125
460.666607	2457.469239
461.039224	2461.378653
461.411782	2459.132819
461.784280	2459.208437
462.156719	2456.874382
462.529099	2457.118878
462.901419	2454.139557
463.273680	2449.335337
463.645882	2452.314659
464.018024	2450.220059
464.390106	2452.491099
464.762130	2460.259517
465.134094	2466.553398
465.505999	2474.657053
465.877845	2487.902684
466.249631	2488.424444
466.621358	2484.245327
466.993026	2480.920686
467.364634	2479.612507
467.736184	2473.525314
468.107674	2468.988275
468.479105	2467.637246
468.850477	2467.009622
469.221790	2461.943263
469.593043	2459.263889
469.964238	2458.908488
470.335373	2457.640638
470.706449	2462.389405
471.077467	2467.405353
471.448425	2476.383648
471.819324	2479.708289
472.190164	2476.534883
472.560945	2469.661269
472.931667	2464.468881
473.302330	2461.630711
473.672934	2460.909826
474.043479	2460.151133
474.413965	2454.777262
474.784393	2452.985132
475.154761	2458.495113
475.525070	2453.040585
475.895321	2456.279526
476.265513	2455.329269
476.635645	2460.403190
477.005719	2460.473766
477.375734	2459.218519
477.745691	2460.632563
478.115588	2466.152626
478.485427	2465.807307
478.855207	2474.828452
479.224928	2476.681076
479.594591	2486.135760
479.964194	2480.683752
480.333739	2479.471355
480.703226	2479.534369
481.072653	2482.359936
481.442022	2482.463279
481.811333	2482.541417
482.180584	2480.834987
482.549777	2480.587970
482.918912	2479.189050
483.287988	2476.363483
483.657005	2476.091261
484.025964	2477.810294
484.394864	2474.183184
484.763706	2474.518421
485.132489	2474.036991
485.501213	2471.705457
485.869879	2470.641774
486.238487	2473.656384
486.607036	2475.740901
486.975527	2469.943574
487.343959	2472.033132
487.712333	2470.102370
488.080648	2471.448358
488.448905	2470.929119
488.817104	2470.132617
489.185244	2475.854327
489.553326	2476.403813
489.921350	2483.562251
490.289315	2485.109885
490.657222	2489.538539
491.025070	2488.479897
491.392861	2485.016624
491.760593	2484.976295
492.128267	2480.784575
492.495883	2476.570171
492.863440	2472.670838
493.230939	2473.358956
493.598380	2473.308544
493.965763	2464.463840
494.333088	2466.387040
494.700354	2462.717080
495.067563	2468.287555
495.434713	2462.109621
495.801805	2467.566670
496.168839	2466.074488
496.535815	2466.944087
496.902733	2465.588017
497.269593	2467.846454
497.636395	2466.742441
498.003139	2467.715384
498.369825	2467.609520
498.736453	2468.660600
499.103023	2471.145889
499.469535	2470.228399
499.835989	2470.735035
500.202385	2471.811321
500.568723	2469.583131
500.935003	2471.077833
501.301226	2473.134624
501.667390	2474.914152
502.033497	2480.146869
502.399546	2477.046560
502.765537	2478.115284
503.131470	2479.110912
503.497345	2480.124184
503.863163	2477.722074
504.228923	2480.958495
504.594625	2483.413537
504.960269	2484.746922
505.325856	2486.597026
505.691385	2485.883702
506.056856	2493.289157
506.422270	2494.620022
506.787625	2494.909888
507.152924	2498.045486
507.518164	2496.533140
507.883347	2499.008346
508.248472	2503.023625
508.613540	2503.709222
508.978550	2505.695437
509.343503	2510.819770
509.708398	2512.599297
510.073236	2516.977539
510.438016	2520.919722
510.802738	2515.661798
511.167403	2522.555576
511.532010	2524.375432
511.896561	2526.041534
512.261053	2529.734179
512.625488	2525.842408
512.989866	2528.483973
513.354186	2527.667306
513.718449	2528.143695
514.082655	2536.388502
514.446803	2536.252391
514.810894	2537.295910
515.174927	2538.697351
515.538904	2538.137783
515.902822	2543.267157
516.266684	2542.815973
516.630488	2542.483257
516.994235	2541.631302
517.357925	2540.618030
517.721558	2543.229348
518.085133	2541.200283
518.448651	2542.921838
518.812112	2541.540561
519.175516	2540.426466
519.538863	2540.683565
519.902152	2537.056455
520.265385	2537.101825
520.628560	2539.178781
520.991678	2535.203831
521.354739	2536.385982
521.717743	2532.370703
522.080690	2533.774664
522.443580	2531.712832
522.806413	2529.900537
523.169189	2525.602953
523.531908	2523.919208
523.894569	2524.395597
524.257174	2520.355112
524.619722	2519.543487
524.982213	2518.265554
525.344647	2513.892353
525.707025	2513.605007
526.069345	2513.078207
526.431608	2507.147289
526.793815	2506.214676
527.155964	2502.693430
527.518057	2498.295023
527.880093	2498.468943
528.242072	2498.383243
528.603995	2493.725217
528.965860	2492.268324
529.327669	2487.819505
529.689421	2483.839514
530.051117	2484.046202
530.412755	2483.600060
530.774337	2478.982363
531.135862	2475.176292
531.497331	2471.133286
531.858743	2470.074644
532.220098	2470.205714
532.581396	2466.878552
532.942638	2465.008284
533.303824	2468.269911
533.664953	2463.364868
534.026025	2462.548201
534.387040	2461.373612
534.747999	2462.790177
535.108902	2459.296657
535.469748	2457.219702
535.830537	2457.544856
536.191270	2455.273816
536.551947	2455.508230
536.912567	2451.492951
537.273131	2452.387756
537.633638	2452.465893
537.994089	2451.215687
538.354483	2450.162086
538.714821	2452.443208
539.075103	2451.929011
539.435328	2448.281736
539.795497	2445.433484
540.155609	2447.510439
540.515665	2446.003134
540.875665	2445.408278
541.235609	2444.072372
541.595496	2446.774431
541.955328	2443.795109
542.315102	2446.013217
542.674821	2444.899122
543.034483	2445.892229
543.394090	2440.271342
543.753640	2442.491971
544.113134	2445.705706
544.472571	2444.160592
544.831953	2443.288473
545.191278	2442.144131
545.550548	2443.853082
545.909761	2441.627413
546.268918	2441.181271
546.628019	2443.681683
546.987064	2440.672114
547.346053	2442.015582
547.704986	2441.730756
548.063863	2441.478699
548.422684	2441.430808
548.781449	2439.399223
549.140158	2438.975766
549.498811	2440.745211
549.857408	2438.396033
550.215949	2438.138934
550.574434	2436.067020
550.932864	2439.066507
551.291237	2436.767740
551.649555	2441.468616
552.007817	2442.207145
552.366022	2442.315530
552.724173	2438.743873
553.082267	2439.724377
553.440305	2439.419387
553.798288	2440.001641
554.156215	2439.479881
554.514086	2440.604058
554.871902	2438.489294
555.229661	2440.062134
555.587365	2438.028029
555.945014	2441.899635
556.302606	2437.942329
556.660143	2439.280756
557.017625	2438.322936
557.375050	2441.219079
557.732421	2439.641198
558.089735	2439.116918
558.446994	2439.283276
558.804197	2440.533482
559.161345	2439.258070
559.518437	2437.501228
559.875474	2439.742021
560.232455	2437.455858
560.589381	2436.079623
560.946251	2440.006682
561.303065	2438.060796
561.659825	2436.089705
562.016528	2438.408636
562.373177	2437.564243
562.729770	2437.105498
563.086307	2439.920982
563.442789	2436.777823
563.799216	2438.459047
564.155587	2438.801846
564.511904	2437.294541
564.868164	2438.761517
565.224370	2439.444593
565.580520	2436.180446
565.936615	2434.703388
566.292654	2437.665066
566.648638	2438.093564
567.004567	2438.537185
567.360441	2434.375713
567.716260	2436.944181
568.072023	2433.755651
568.427732	2433.662390
568.783385	2435.570466
569.138982	2431.741710
569.494525	2433.869077
569.850013	2431.776998
570.205445	2435.721701
570.560823	2435.530137
570.916145	2437.569284
571.271412	2434.388316
571.626625	2436.629109
571.981782	2434.186670
572.336884	2437.309664
572.691931	2436.137596
573.046923	2434.310178
573.401860	2433.959818
573.756743	2435.119283
574.111570	2433.864036
574.466342	2435.429314
574.821059	2436.256063
575.175722	2435.762030
575.530330	2433.385126
575.884882	2434.501742
576.239380	2434.854623
576.593823	2434.829417
576.948211	2436.830755
577.302544	2433.622060
577.656823	2433.574169
578.011047	2432.944025
578.365216	2432.812955
578.719330	2433.778336
579.073389	2433.201124
579.427394	2436.440065
579.781344	2432.447472
580.135239	2431.875301
580.489080	2431.955959
580.842866	2431.739189
581.196597	2430.282296
581.550273	2433.833789
581.903895	2432.520568
582.257463	2431.068716
582.610975	2434.249684
582.964434	2434.743717
583.317837	2433.286824
583.671186	2433.153233
584.024481	2432.623912
584.377721	2430.504107
584.730906	2435.346135
585.084037	2432.051741
585.437113	2431.787080
585.790135	2430.446133
586.143103	2431.361103
586.496016	2432.868408
586.848874	2426.181317
587.201679	2431.366144
587.554428	2427.799528
587.907124	2431.691298
588.259765	2425.543611
588.612352	2431.814807
588.964884	2430.491504
589.317362	2430.045362
589.669786	2431.177101
590.022155	2432.724735
590.374470	2429.137954
590.726731	2432.064344
591.078937	2428.464960
591.431090	2430.604930
591.783188	2430.584765
592.135232	2427.839857
592.487222	2429.508479
592.839157	2429.999991
593.191038	2429.006884
593.542866	2430.662903
593.894639	2429.029569
594.246358	2427.741554
594.598022	2428.560742
594.949633	2428.187697
595.301190	2427.413879
595.652692	2430.143664
596.004141	2430.809097
596.355535	2429.173242
596.706876	2428.081832
597.058162	2426.498910
597.409395	2427.373550
597.760573	2427.179466
598.111698	2428.222985
598.462768	2426.025042
598.813785	2426.851791
599.164748	2426.917326
599.515657	2428.230546
599.866511	2426.322470
600.217312	2426.430854
600.568060	2427.774322
600.918753	2428.543098
601.269392	2425.208375
601.619978	2427.776843
601.970510	2428.318767
602.320988	2422.622263
602.671412	2428.258273
603.021783	2426.554363
603.372100	2427.481935
603.722363	2429.528643
604.072572	2424.653848
604.422728	2426.640062
604.772830	2423.106213
605.122878	2422.672674
605.472872	2425.001687
605.822813	2422.012283
606.172701	2427.943201
606.522534	2425.223498
606.872314	2426.377922
607.222041	2424.444640
607.571714	2424.749630
607.921333	2426.703077
608.270899	2426.929929
608.620411	2424.323652
608.969870	2428.064188
609.319276	2425.911616
609.668627	2427.141657
610.017926	2428.248190
610.367171	2427.151739
610.716362	2426.166194
611.065500	2426.206523
611.414585	2425.767943
611.763616	2427.648293
612.112594	2426.463622
612.461518	2429.185845
612.810389	2429.105187
613.159207	2426.564445
613.507971	2427.033272
613.856682	2428.341452
614.205340	2427.355906
614.553945	2427.053437
614.902496	2427.038313
615.250994	2427.945721
615.599439	2427.857501
615.947830	2427.613005
616.296169	2423.930442
616.644454	2429.347162
616.992686	2427.749116
617.340864	2428.273396
617.688990	2427.751637
618.037063	2426.715680
618.385082	2427.867583
618.733048	2426.791297
619.080961	2426.198961
619.428821	2428.308684
619.776628	2425.420103
620.124382	2427.229877
620.472083	2425.036975
620.819731	2426.821544
621.167326	2425.631832
621.514868	2428.321287
621.862357	2424.311049
622.209793	2425.490679
622.557176	2426.219126
622.904506	2423.464135
623.251783	2423.113775
623.599007	2420.515060
623.946179	2420.381470
624.293297	2421.782911
624.640363	2422.546645
624.987376	2424.641245
625.334336	2425.654517
625.681243	2424.079156
626.028097	2424.066553
626.374899	2427.060999
626.721647	2422.942376
627.068343	2423.355751
627.414987	2420.918353
627.761577	2421.994639
628.108115	2421.760225
628.454600	2422.960020
628.801032	2421.659402
629.147412	2423.340627
629.493739	2424.361461
629.840014	2422.718045
630.186236	2423.459094
630.532405	2420.973805
630.878521	2422.372726
631.224585	2422.856676
631.570597	2419.811819
631.916556	2420.459608
632.262462	2423.075967
632.608316	2422.249217
632.954117	2423.701070
633.299866	2423.005390
633.645562	2420.167221
633.991206	2421.795513
634.336797	2420.638569
634.682336	2423.746440
635.027823	2420.341141
635.373257	2422.672674
635.718639	2419.751326
636.063968	2419.204360
636.409245	2420.441964
636.754470	2423.542273
637.099642	2421.513209
637.444762	2423.267530
637.789829	2421.687129
638.134845	2422.234094
638.479808	2421.455236
638.824719	2419.045564
639.169577	2420.618404
639.514383	2418.445667
639.859137	2421.666964
640.203839	2420.946079
640.548489	2419.305183
640.893086	2417.621438
641.237632	2414.778227
641.582125	2417.354257
641.926566	2411.882084
642.270955	2420.252920
642.615292	2416.651016
642.959576	2421.445153
643.303809	2419.252251
643.647990	2418.027251
643.992118	2418.249062
644.336195	2420.026068
644.680219	2415.655388
645.024192	2420.547828
645.368112	2418.095307
645.711981	2418.352405
646.055797	2420.225194
646.399562	2418.422982
646.743274	2419.327869
647.086935	2420.999011
647.430544	2417.883578
647.774101	2419.950451
648.117606	2420.779721
648.461059	2419.932807
648.804460	2420.880544
649.147810	2420.590678
649.491108	2418.687642
649.834354	2417.187899
650.177548	2418.647313
650.520690	2417.823084
650.863781	2416.605646
651.206820	2420.535225
651.549807	2417.051788
651.892742	2419.191758
652.235626	2415.446180
652.578458	2418.312076
652.921238	2420.076480
653.263967	2419.431212
653.606644	2417.409710
653.949269	2417.092117
654.291843	2413.989287
654.634365	2416.545152
654.976836	2417.903743
655.319255	2417.538259
655.661622	2417.346695
656.003938	2416.998856
656.346203	2416.298135
656.688416	2417.462642
657.030577	2413.835532
657.372687	2416.908115
657.714746	2412.693710
658.056753	2413.585994
658.398708	2411.892167
658.740612	2413.782599
659.082465	2413.593556
659.424266	2413.769997
659.766016	2411.745973
660.107715	2417.515574
660.449362	2415.753691
660.790958	2414.291756
661.132503	2415.115985
661.473996	2414.944585
661.815438	2417.205543
662.156829	2418.153280
662.498168	2413.180182
662.839456	2414.868968
663.180693	2415.761252
663.521879	2416.797209
663.863013	2416.719072
664.204097	2414.722775
664.545129	2413.767476
664.886110	2416.880388
665.227040	2415.146232
665.567918	2417.366860
665.908746	2413.497774
666.249522	2415.337795
666.590248	2414.468196
666.930922	2415.678073
667.271545	2415.645306
667.612118	2416.487178
667.952639	2415.017682
668.293109	2415.650347
668.633528	2414.364853
668.973896	2415.859555
669.314213	2418.564134
669.654480	2416.197312
669.994695	2415.317631
670.334859	2415.173958
670.674973	2415.849473
671.015035	2416.746798
671.355047	2416.744277
671.695008	2415.262178
672.034918	2413.447363
672.374777	2415.534400
672.714585	2412.721437
673.054342	2418.165883
673.394049	2414.672363
673.733705	2414.964750
674.073310	2417.772673
674.412864	2416.524987
674.752368	2413.401992
675.091820	2415.360481
675.431223	2414.223700
675.770574	2416.945923
676.109875	2409.001065
676.449125	2411.345202
676.788324	2410.311765
677.127473	2412.587846
677.466571	2408.101219
677.805619	2415.627662
678.144616	2415.645306
678.483562	2414.009451
678.822458	2414.473237
679.161303	2414.911818
679.500098	2413.454924
679.838842	2410.704975
680.177535	2413.452404
680.516179	2414.848803
680.854771	2413.538103
681.193314	2413.528021
681.531805	2414.374935
681.870247	2414.695048
682.208638	2415.821746
682.546978	2419.237128
682.885268	2415.299987
683.223508	2415.967940
683.561697	2414.483320
683.899836	2417.092117
684.237925	2413.946437
684.575963	2414.311921
684.913951	2415.027764
685.251889	2413.913669
685.589776	2413.722106
685.927614	2413.754873
686.265401	2415.710841
686.603137	2413.782599
686.940824	2414.329565
687.278460	2416.081366
687.616046	2415.794020
687.953582	2415.274781
688.291068	2415.952816
688.628504	2415.191602
688.965889	2417.203022
689.303224	2417.235790
689.640510	2414.692528
689.977745	2417.079514
690.314930	2415.121026
690.652065	2413.220511
690.989150	2415.549524
691.326185	2415.239493
691.663170	2412.514749
692.000105	2414.541293
692.336990	2412.033319
692.673825	2411.927455
693.010610	2412.308062
693.347345	2410.647002
693.684030	2408.116343
694.020665	2411.224214
694.357251	2405.184912
694.693786	2411.957702
695.030272	2410.342012
695.366707	2410.188257
695.703093	2411.534245
696.039429	2410.813360
696.375716	2410.258833
696.711952	2412.976015
697.048139	2408.063410
697.384276	2410.793195
697.720363	2412.809657
698.056400	2410.321847
698.392388	2409.346384
698.728326	2409.477454
699.064214	2410.271436
699.400053	2409.237999
699.735842	2409.263205
700.071581	2410.374779
700.407270	2408.007958
700.742910	2408.935530
701.078501	2413.921231
701.414042	2409.056518
701.749533	2409.064079
702.084974	2408.159192
702.420366	2407.468554
702.755709	2407.017371
703.091002	2405.618451
703.426246	2411.367887
703.761440	2406.510735
704.096584	2408.320509
704.431679	2411.342681
704.766725	2408.607855
705.101721	2408.486867
705.436668	2406.435118
705.771565	2407.176167
706.106413	2407.075344
706.441212	2405.613410
706.775961	2409.321178
707.110661	2406.180539
707.445311	2408.509552
707.779913	2407.367731
708.114465	2408.557443
708.448967	2407.329923
708.783421	2409.147258
709.117825	2409.270767
709.452180	2411.622465
709.786485	2410.069790
710.120742	2411.859399
710.454949	2409.016188
710.789107	2408.045766
711.123216	2407.229099
711.457275	2408.028122
711.791286	2406.258677
712.125247	2409.711868
712.459159	2407.821435
712.793023	2410.591549
713.126837	2410.059707
713.460602	2410.387382
713.794318	2411.950140
714.127985	2410.319327
714.461602	2408.580129
714.795171	2408.580129
715.128691	2408.383524
715.462162	2412.023237
715.795584	2409.777403
716.128957	2406.586352
716.462281	2407.440828
716.795556	2408.539799
717.128782	2408.305386
717.461960	2407.642474
717.795088	2408.507032
718.128167	2409.527866
718.461198	2409.830335
718.794180	2406.465365
719.127113	2406.099881
719.459997	2408.933009
719.792833	2406.964439
720.125619	2405.338667
720.458357	2403.914541
720.791046	2407.997875
721.123686	2407.274470
721.456278	2409.895870
721.788821	2407.516445
722.121315	2406.740107
722.453761	2406.273801
722.786158	2409.172464
723.118506	2405.000909
723.450805	2405.580642
723.783056	2402.543347
724.115259	2406.674573
724.447412	2404.398492
724.779518	2406.112484
725.111574	2409.573236
725.443582	2407.395457
725.775542	2404.877401
726.107453	2405.931002
726.439315	2406.984603
726.771129	2411.688000
727.102895	2407.483678
727.434612	2406.082237
727.766281	2407.410581
728.097901	2405.104253
728.429473	2402.518141
728.760996	2403.170971
729.092471	2401.885476
729.423897	2409.268246
729.755276	2408.534758
730.086606	2406.659449
730.417887	2409.036353
730.749120	2408.741446
731.080305	2409.434604
731.411442	2407.060221
731.742530	2410.349574
732.073570	2408.935530
732.404562	2407.967628
732.735506	2407.450910
733.066401	2407.977711
733.397249	2412.285377
733.728048	2406.936713
734.058798	2410.100037
734.389501	2405.109294
734.720156	2407.599624
735.050762	2407.395458
735.381320	2408.058369
735.711831	2407.292114
736.042293	2406.687175
736.372707	2406.432597
736.703073	2406.006620
737.033391	2405.416805
737.363661	2406.485529
737.693883	2407.609707
738.024056	2407.357649
738.354182	2406.654408
738.684260	2406.304048
739.014290	2404.821948
739.344272	2409.217835
739.674207	2403.919582
740.004093	2407.105591
740.333931	2406.974521
740.663722	2405.131979
740.993464	2406.777916
741.323159	2403.617113
741.652806	2405.217679
741.982405	2405.499984
742.311956	2404.395971
742.641460	2405.653739
742.970915	2404.937895
743.300323	2406.745149
743.629683	2406.644326
743.958996	2405.769685
744.288260	2403.183573
744.617477	2402.596279
744.946647	2395.495814
745.275768	2403.344890
745.604842	2401.840106
745.933869	2402.392112
746.262847	2399.407749
746.591778	2402.797925
746.920662	2405.784809
747.249498	2403.249108
747.578286	2404.882442
747.907027	2403.453275
748.235720	2402.815569
748.564365	2400.849519
748.892963	2406.051990
749.221514	2403.680127
749.550017	2403.735580
749.878473	2401.361196
750.206881	2403.201218
750.535242	2402.845816
750.863555	2403.947308
751.191821	2404.564850
751.520039	2403.337329
751.848210	2403.531413
752.176334	2402.760117
752.504411	2402.044273
752.832440	2404.912689
753.160421	2405.079047
753.488356	2401.782133
753.816243	2403.067627
754.144082	2402.225754
754.471875	2404.569891
754.799620	2400.196690
755.127318	2404.985786
755.454969	2402.528223
755.782572	2401.933367
756.110129	2404.385889
756.437638	2404.622823
756.765100	2401.739283
757.092515	2404.280024
757.419882	2402.452606
757.747203	2403.039901
758.074477	2405.068965
758.401703	2402.878584
758.728882	2402.676937
759.056014	2401.880435
759.383099	2403.823800
759.710138	2404.955539
760.037129	2405.931002
760.364073	2405.895714
760.690970	2405.089130
761.017820	2402.820610
761.344623	2403.854047
761.671379	2406.838410
761.998088	2398.023953
762.324751	2405.752041
762.651366	2403.672565
762.977935	2409.225396
763.304456	2406.782957
763.630931	2412.643299
763.957359	2413.006262
764.283740	2408.527197
764.610074	2408.812022
764.936362	2409.721950
765.262602	2406.629202
765.588796	2403.579304
765.914943	2404.746331
766.241044	2406.170457
766.567097	2403.302041
766.893104	2402.760117
767.219064	2401.905641
767.544978	2401.187277
767.870845	2400.242060
768.196665	2403.425549
768.522438	2400.254663
768.848165	2401.777092
769.173846	2399.127965
769.499479	2397.746689
769.825066	2399.856412
770.150607	2401.348593
770.476101	2400.806669
770.801548	2400.262225
771.126949	2403.919582
771.452303	2401.081412
771.777611	2400.310116
772.102872	2400.741134
772.428087	2399.692574
772.753256	2400.345404
773.078378	2400.985630
773.403453	2400.078223
773.728482	2400.950342
774.053465	2402.462688
774.378401	2399.105280
774.703291	2400.529406
775.028135	2400.443706
775.352932	2401.300702
775.677683	2400.799108
776.002388	2397.928171
776.327046	2399.511093
776.651658	2399.430434
776.976224	2402.513100
777.300743	2399.879097
777.625216	2398.424724
777.949643	2402.641649
778.274024	2403.057545
778.598359	2396.380536
778.922647	2394.858108
779.246889	2398.417163
779.571086	2396.839281
779.895236	2400.904972
780.219339	2397.721483
780.543397	2399.319529
780.867409	2400.899931
781.191374	2399.932029
781.515294	2398.278531
781.839167	2402.122411
782.162995	2399.566546
782.486776	2398.971689
782.810511	2397.877759
783.134201	2398.344066
783.457844	2400.688202
783.781441	2398.699467
784.104993	2401.094015
784.428498	2397.986144
784.751958	2397.212327
785.075372	2395.710063
785.398739	2398.396998
785.722061	2399.768192
786.045337	2399.957235
786.368568	2397.615619
786.691752	2401.474622
787.014891	2398.744837
787.337983	2398.691905
787.661030	2399.029663
787.984031	2400.753737
788.306987	2402.273645
788.629897	2400.438665
788.952760	2399.248953
789.275579	2399.385064
789.598351	2402.586197
789.921078	2399.921947
790.243759	2399.233829
790.566395	2400.221896
790.888984	2399.402708
791.211529	2400.408418
791.534027	2399.740465
791.856480	2398.167625
792.178888	2397.713922
792.501249	2397.575290
792.823566	2398.616288
793.145836	2396.788870
793.468062	2397.043448
793.790241	2399.183418
794.112375	2400.468912
794.434464	2400.398336
794.756507	2401.837585
795.078505	2401.870353
795.400457	2394.893396
795.722364	2393.668396
796.044226	2398.749879
796.366042	2397.119065
796.687812	2395.994888
797.009538	2401.588048
797.331218	2398.374313
797.652852	2398.787687
797.974442	2398.686864
798.295986	2398.828017
798.617484	2400.075702
798.938938	2398.495300
799.260346	2398.013870
799.581709	2402.283727
799.903026	2399.730383
800.224299	2398.296175
800.545526	2399.067471
800.866708	2399.430434
801.187845	2397.935732
801.508936	2397.872718
801.829983	2400.156361
802.150984	2397.396329
802.471940	2398.848181
802.792851	2398.467574
803.113717	2398.389436
803.434538	2398.568397
803.755314	2397.156874
804.076045	2398.137378
804.396731	2399.871535
804.717372	2396.176370
805.037967	2396.809034
805.358518	2397.658469
805.679024	2397.020763
805.999485	2399.009498
806.319901	2397.943294
806.640272	2400.163922
806.960598	2398.339025
807.280879	2397.532440
807.601115	2399.846330
807.921306	2397.287944
808.241453	2397.726524
808.561554	2397.169477
808.881611	2400.607544
809.201623	2399.926988
809.521590	2399.087636
809.841513	2399.276679
810.161390	2397.910527
810.481223	2396.355331
810.801011	2396.226781
811.120755	2396.468757
811.440453	2398.543191
811.760107	2398.523027
812.079716	2394.217881
812.399281	2393.101266
812.718801	2398.487739
813.038276	2394.817779
813.357707	2398.633932
813.677093	2397.363561
813.996434	2399.049827
814.315731	2398.124776
814.634983	2397.804662
814.954191	2399.233829
815.273354	2399.017060
815.592473	2396.589744
815.911547	2399.092677
816.230577	2398.911196
816.549562	2400.186608
816.868502	2398.394477
817.187399	2400.168963
817.506250	2398.933881
817.825058	2398.349107
818.143821	2398.031514
818.462539	2402.397153
818.781213	2398.689385
819.099843	2400.065620
819.418429	2400.166443
819.736970	2402.210631
820.055466	2402.286248
820.373919	2404.552247
820.692327	2405.739438
821.010691	2406.014181
821.329011	2417.354257
821.647286	2430.458736
821.965517	2441.856785
822.283704	2449.279884
822.601847	2451.356840
822.919945	2445.710747
823.237999	2440.336877
823.556010	2431.421597
823.873976	2426.884558
824.191897	2423.995977
824.509775	2415.431057
824.827609	2412.040881
825.145398	2409.318658
825.463144	2409.802608
825.780845	2409.457289
826.098502	2410.596590
826.416116	2415.577250
826.733685	2415.536921
827.051210	2418.889288
827.368692	2417.258475
827.686129	2411.834193
828.003522	2406.472926
828.320872	2403.392781
828.638177	2404.048131
828.955439	2402.830693
829.272656	2398.812893
829.589830	2395.881462
829.906960	2399.894221
830.224046	2401.247770
830.541088	2400.015208
830.858086	2398.437327
831.175041	2398.361710
831.491952	2400.148799
831.808819	2398.326422
832.125642	2398.800290
832.442421	2398.926319
832.759157	2400.010167
833.075849	2402.999571
833.392497	2407.516445
833.709101	2407.433266
834.025662	2408.335633
834.342179	2406.523338
834.658653	2402.782802
834.975083	2402.195507
835.291469	2411.927455
835.607811	2401.532596
835.924110	2400.484036
836.240366	2400.065620
836.556578	2399.977400
836.872746	2400.852040
837.188871	2398.389436
837.504952	2398.293654
837.820990	2398.863305
838.136984	2397.615619
838.452935	2397.630742
838.768842	2398.949004
839.084706	2398.782646
839.400526	2397.217368
839.716303	2397.572769
840.032037	2399.785836
840.347727	2402.709705
840.663373	2399.289282
840.978977	2397.852553
841.294537	2397.426576
841.610054	2398.457492
841.925527	2397.804662
842.240957	2396.776267
842.556344	2396.458674
842.871687	2396.909857
843.186987	2396.877090
843.502244	2393.502038
843.817458	2394.699312
844.132629	2394.006153
844.447756	2392.576986
844.762840	2390.195041
845.077881	2394.560680
845.392879	2392.972716
845.707833	2391.316697
846.022745	2389.736296
846.337613	2394.709394
846.652438	2394.437172
846.967221	2395.737789
847.281960	2394.812737
847.596656	2395.321894
847.911309	2396.617471
848.225919	2393.151677
848.540485	2392.728220
848.855009	2393.476832
849.169490	2393.711245
849.483928	2394.631256
849.798323	2392.337531
850.112675	2393.398694
850.426984	2394.631256
850.741251	2393.113869
851.055474	2395.009343
851.369654	2393.058416
851.683792	2394.308622
851.997887	2393.665875
852.311938	2393.068498
852.625947	2394.878273
852.939914	2394.185114
853.253837	2396.738458
853.567718	2393.887686
853.881555	2395.775598
854.195350	2394.303581
854.509103	2394.540515
854.822812	2395.891544
855.136479	2397.328273
855.450103	2395.483211
855.763685	2396.478839
856.077224	2395.642007
856.390720	2392.710576
856.704173	2394.527912
857.017584	2395.279044
857.330953	2394.023797
857.644278	2394.190155
857.957561	2400.529406
858.270802	2394.149826
858.584000	2393.428941
858.897155	2396.047820
859.210268	2393.030690
859.523339	2393.282747
859.836367	2394.684188
860.149352	2395.652090
860.462295	2397.933212
860.775195	2393.527243
861.088054	2388.009700
861.400869	2393.794424
861.713642	2389.995915
862.026373	2392.445916
862.339062	2394.275855
862.651708	2393.103786
862.964312	2393.244939
863.276873	2393.751575
863.589392	2394.326266
863.901869	2395.586555
864.214303	2395.246277
864.526696	2393.227295
864.839045	2394.096894
865.151353	2396.499003
865.463619	2394.023797
865.775842	2395.319373
866.088023	2392.844167
866.400162	2394.855587
866.712258	2395.296688
867.024313	2394.149826
867.336325	2392.529095
867.648296	2393.759136
867.960224	2391.306615
868.272110	2394.890875
868.583954	2393.265103
868.895755	2396.549415
869.207515	2394.268293
869.519233	2393.834754
869.830909	2394.858108
870.142542	2394.971534
870.454134	2396.783829
870.765684	2391.238559
871.077191	2393.043293
871.388657	2394.664023
871.700081	2394.076729
872.011463	2391.304094
872.322803	2394.492624
872.634101	2395.967162
872.945357	2394.941287
873.256571	2395.052192
873.567744	2395.473129
873.878874	2392.607233
874.189963	2396.244425
874.501010	2395.107645
874.812015	2393.428941
875.122979	2393.728889
875.433900	2396.987995
875.744780	2395.032028
876.055618	2393.512120
876.366415	2396.438510
876.677169	2395.624363
876.987882	2393.930536
877.298554	2392.834085
877.609183	2395.001781
877.919771	2389.161604
878.230317	2394.343910
878.540822	2393.696122
878.851285	2396.453633
879.161707	2393.827192
879.472087	2397.895403
879.782425	2398.598644
880.092722	2402.185425
880.402977	2404.585014
880.713191	2410.609193
881.023363	2414.715213
881.333494	2419.070770
881.643583	2420.661254
881.953631	2418.533887
882.263637	2416.814853
882.573602	2415.398289
882.883526	2412.197157
883.193408	2414.188412
883.503248	2407.713050
883.813048	2407.856723
884.122806	2403.193656
884.432522	2405.147103
884.742197	2401.630898
885.051831	2400.821793
885.361424	2398.167625
885.670975	2399.717780
885.980485	2400.766340
886.289954	2397.819786
886.599382	2395.730227
886.908768	2397.945815
887.218113	2399.130486
887.527417	2397.519837
887.836680	2394.989178
888.145901	2397.010681
888.455082	2396.670403
888.764221	2395.906668
889.073319	2395.432799
889.382376	2396.927502
889.691392	2396.564538
890.000366	2394.779970
890.309300	2393.048334
890.618193	2395.652090
890.927044	2394.492624
891.235855	2393.675957
891.544625	2394.109497
891.853353	2395.115207
892.162041	2393.481873
892.470687	2394.585886
892.779293	2394.774929
893.087858	2394.512789
893.396381	2392.561862
893.704864	2397.867677
894.013306	2392.576986
894.321707	2398.581000
894.630068	2400.731052
894.938387	2402.823131
895.246665	2399.949673
895.554903	2401.651063
895.863100	2399.987482
896.171256	2398.701988
896.479371	2398.593603
896.787446	2398.245763
897.095480	2394.449774
897.403473	2396.539333
897.711425	2396.065464
898.019336	2394.041441
898.327207	2395.410114
898.635038	2395.493293
898.942827	2395.533623
899.250576	2395.810886
899.558284	2393.829713
899.865952	2394.399363
900.173579	2393.809548
900.481165	2393.991029
900.788711	2395.480690
901.096216	2394.447254
901.403681	2394.280896
901.711105	2392.660165
902.018489	2395.770557
902.325832	2396.118396
902.633135	2392.579506
902.940397	2395.730227
903.247619	2393.804507
903.554800	2399.833727
903.861941	2398.260887
904.169041	2399.158212
904.476101	2403.125600
904.783121	2402.971845
905.090100	2402.639129
905.397039	2401.638460
905.703938	2398.550753
906.010796	2395.906668
906.317614	2395.440361
906.624391	2396.957748
906.931129	2398.485218
907.237826	2395.515978
907.544483	2396.113355
907.851099	2394.369116
908.157675	2393.930536
908.464211	2393.552449
908.770707	2390.658827
909.077163	2390.870555
909.383578	2388.770915
909.689954	2391.140257
909.996289	2390.822664
910.302584	2394.905999
910.608839	2389.355688
910.915054	2393.539846
911.221229	2394.744682
911.527363	2395.084960
911.833458	2391.046996
912.139513	2393.499517
912.445527	2392.985319
912.751502	2393.043293
913.057436	2394.081770
913.363331	2393.670916
913.669186	2395.584034
913.975000	2394.149826
914.280775	2396.304919
914.586510	2396.884652
914.892205	2397.227450
915.197859	2398.490259
915.503475	2399.266597
915.809050	2400.884807
916.114585	2403.029818
916.420081	2401.754406
916.725536	2403.392781
917.030952	2403.107956
917.336328	2402.019067
917.641665	2399.851371
917.946961	2399.135527
918.252218	2399.188459
918.557435	2398.432286
918.862612	2399.367420
919.167750	2394.434651
919.472848	2398.611247
919.777906	2394.918602
920.082925	2396.413304
920.387904	2394.215361
920.692843	2396.859446
920.997743	2396.259549
921.302603	2393.449105
921.607423	2392.922305
921.912204	2397.091339
922.216946	2392.055226
922.521647	2393.870042
922.826310	2392.972716
923.130932	2392.887017
923.435516	2393.108828
923.740059	2392.201420
924.044564	2395.765516
924.349028	2391.314177
924.653454	2386.169679
924.957840	2389.852242
925.262186	2387.876110
925.566493	2389.970709
925.870761	2388.569268
926.174989	2391.404918
926.479178	2392.856770
926.783328	2393.875083
927.087438	2393.801986
927.391509	2394.195196
927.695541	2392.352654
927.999533	2392.924825
928.303486	2392.254352
928.607400	2392.879455
928.911275	2391.082284
929.215110	2393.433982
929.518906	2390.132026
929.822663	2393.015566
930.126381	2392.219064
930.430060	2393.383570
930.733699	2391.039434
931.037299	2392.708056
931.340861	2390.976419
931.644383	2390.898282
931.947866	2390.011038
932.251309	2392.970196
932.554714	2391.102448
932.858080	2392.708056
933.161407	2393.824671
933.464694	2392.967675
933.767943	2389.600184
934.071153	2390.507592
934.374323	2388.851573
934.677455	2391.795607
934.980548	2391.442726
935.283602	2393.063457
935.586617	2391.273848
935.889593	2393.247459
936.192530	2390.928528
936.495428	2390.205123
936.798287	2393.544887
937.101108	2390.615977
937.403890	2392.007335
937.706632	2389.275030
938.009336	2390.704197
938.312002	2392.304763
938.614628	2392.728220
938.917216	2389.711090
939.219765	2390.643703
939.522275	2392.098076
939.824747	2391.979609
940.127179	2389.330483
940.429573	2385.138763
940.731929	2392.158570
941.034246	2386.091541
941.336524	2393.925494
941.638763	2391.939280
941.940964	2390.593292
942.243126	2391.299053
942.545250	2392.965155
942.847335	2393.431461
943.149381	2393.318035
943.451389	2392.592109
943.753359	2391.654455
944.055290	2391.954403
944.357182	2394.265772
944.659036	2390.305946
944.960851	2390.983981
945.262628	2391.987171
945.564367	2392.617315
945.866067	2392.357696
946.167729	2391.765360
946.469352	2390.827705
946.770937	2390.855432
947.072484	2391.571276
947.373992	2389.146481
947.675462	2390.608415
947.976893	2391.498179
948.278286	2390.658827
948.579641	2392.052706
948.880958	2391.830895
949.182236	2392.448436
949.483476	2391.719990
949.784678	2393.376009
950.085841	2389.390977
950.386967	2392.614794
950.688054	2389.615308
950.989103	2391.498179
951.290114	2390.421893
951.591087	2391.218395
951.892021	2392.284599
952.192917	2389.403579
952.493776	2391.626728
952.794596	2389.854763
953.095378	2391.266286
953.396122	2390.626059
953.696828	2390.694115
953.997496	2391.581358
954.298126	2390.797458
954.598718	2390.366440
954.899272	2390.570607
955.199788	2394.101935
955.500266	2391.493138
955.800706	2391.800648
956.101108	2388.539022
956.401472	2391.097407
956.701798	2386.141953
957.002087	2388.591954
957.302337	2391.089845
957.602550	2391.891389
957.902724	2388.841491
958.202861	2388.327293
958.502960	2389.355688
958.803022	2390.742006
959.103045	2388.544063
959.403031	2392.531615
959.702979	2390.048847
960.002889	2391.117572
960.302762	2390.633621
960.602596	2392.191338
960.902393	2391.835936
961.202153	2391.367109
961.501875	2390.184958
961.801559	2391.092366
962.101205	2389.857283
962.400814	2389.960627
962.700385	2390.079094
962.999918	2391.848539
963.299414	2388.924670
963.598873	2388.274361
963.898293	2391.031872
964.197677	2389.217057
964.497022	2387.800492
964.796331	2390.747047
965.095601	2391.916595
965.394835	2391.851060
965.694030	2390.994063
965.993189	2389.330483
966.292309	2388.168497
966.591393	2391.026831
966.890439	2392.019938
967.189447	2389.617828
967.488419	2388.591954
967.787353	2392.161091
968.086249	2389.910215
968.385108	2389.549773
968.683930	2390.764691
968.982714	2391.057078
969.281462	2389.627911
969.580172	2389.506923
969.878844	2389.131357
970.177480	2391.982130
970.476078	2390.565565
970.774639	2389.390977
971.073162	2387.984495
971.371649	2387.427447
971.670098	2388.244114
971.968510	2386.585574
972.266885	2383.659185
972.565223	2385.852087
972.863524	2391.722510
973.161788	2392.408107
973.460014	2392.907181
973.758204	2388.072715
974.056356	2391.195710
974.354471	2389.547252
974.652550	2387.994577
974.950591	2389.098590
975.248595	2392.077912
975.546563	2391.495658
975.844493	2390.316028
976.142386	2389.413662
976.440243	2392.798797
976.738062	2388.256717
977.035845	2389.254865
977.333590	2386.711603
977.631299	2388.251676
977.928971	2388.178579
978.226606	2389.287633
978.524204	2390.316028
978.821765	2389.907695
979.119290	2389.751419
979.416777	2388.443240
979.714228	2391.238559
980.011642	2387.896274
980.309020	2391.599002
980.606360	2389.151522
980.903664	2390.492469
981.200931	2388.521378
981.498162	2390.903323
981.795356	2389.280071
982.092513	2392.035062
982.389633	2391.939280
982.686717	2387.124978
982.983764	2389.514485
983.280775	2390.013559
983.577749	2391.636811
983.874686	2390.663868
984.171587	2389.758981
984.468451	2390.563045
984.765279	2389.229660
985.062070	2388.929711
985.358824	2390.313508
985.655543	2389.300236
985.952224	2391.223436
986.248869	2388.957437
986.545478	2386.391490
986.842050	2386.386449
987.138586	2386.008362
987.435086	2385.554658
987.731549	2388.239073
988.027975	2387.477859
988.324366	2390.033724
988.620719	2388.271840
988.917037	2390.825185
989.213318	2389.882489
989.509563	2387.460215
989.805772	2387.848383
990.101944	2387.530791
990.398080	2389.632952
990.694180	2387.629093
990.990244	2388.075235
991.286271	2388.470966
991.582262	2388.697818
991.878217	2386.998949
992.174136	2386.366284
992.470019	2389.002808
992.765865	2388.891902
993.061676	2390.026162
993.357450	2389.353168
993.653188	2389.204454
993.948890	2388.755791
994.244556	2387.634134
994.540186	2387.976933
994.835780	2392.524054
995.131337	2388.319731
995.426859	2389.612787
995.722345	2393.393653
996.017795	2390.585730
996.313208	2390.966337
996.608586	2390.754609
996.903928	2388.992725
997.199234	2389.212016
997.494504	2388.312170
997.789738	2388.430637
998.084936	2390.000956
998.380099	2391.858621
998.675225	2388.092879
998.970316	2390.285781
999.265371	2391.077243
999.560390	2391.442726
999.855373	2390.492469
1000.150320	2390.726882
1000.445232	2391.422562
1000.740108	2389.088507
1001.034948	2389.297715
1001.329752	2386.535163
1001.624521	2391.331821
1001.919254	2385.259751
1002.213951	2386.590616
1002.508613	2385.133722
1002.803239	2387.770246
1003.097829	2386.010883
1003.392384	2388.216388
1003.686903	2388.639845
1003.981386	2388.536501
1004.275834	2389.912736
1004.570246	2390.618498
1004.864623	2389.141439
1005.158964	2388.433157
1005.453270	2387.422406
1005.747540	2386.895605
1006.041775	2389.731254
1006.335974	2389.244783
1006.630138	2386.751933
1006.924266	2387.308980
1007.218359	2387.840822
1007.512416	2387.921480
1007.806438	2385.869731
1008.100425	2386.986346
1008.394376	2387.056922
1008.688292	2388.846532
1008.982172	2389.237221
1009.276017	2388.644886
1009.569827	2386.683877
1009.863602	2386.898126
1010.157341	2388.400390
1010.451045	2387.782848
1010.744714	2384.448125
1011.038347	2386.565410
1011.331945	2388.327293
1011.625508	2388.047509
1011.919036	2389.108672
1012.212528	2387.301418
1012.505986	2386.908208
1012.799408	2387.553476
1013.092795	2388.405431
1013.386147	2387.578682
1013.679464	2388.118085
1013.972745	2388.695297
1014.265992	2388.586913
1014.559204	2392.433313
1014.852380	2387.931563
1015.145521	2390.895761
1015.438628	2389.020452
1015.731699	2385.549617
1016.024736	2386.330996
1016.317737	2389.461553
1016.610703	2391.354506
1016.903635	2386.255379
1017.196531	2383.800337
1017.489393	2385.458877
1017.782219	2385.277395
1018.075011	2387.999618
1018.367768	2389.005328
1018.660490	2387.876110
1018.953177	2387.876110
1019.245829	2387.876110
