Dividing Wavelength (nm)	Counts (n)	Blue Motor Position (mm): 35.000000	Red Motor Position (mm): 0.000000	
326.493990	1968.021091
326.888308	1968.021091
327.282561	1968.021091
327.676750	1944.360436
328.070874	1946.112237
328.464933	1954.818309
328.858929	1963.940277
329.252859	1975.308079
329.646726	1989.173773
330.040528	2004.571977
330.434265	2023.156191
330.827938	2047.144521
331.221547	2062.721687
331.615091	2082.601477
332.008571	2103.749117
332.401986	2124.092694
332.795338	2144.839562
333.188625	2164.568118
333.581847	2184.861283
333.975006	2202.056658
334.368100	2220.492158
334.761129	2236.686865
335.154095	2251.699421
335.546996	2290.949845
335.939833	2372.616537
336.332606	2384.680018
336.725315	2397.265259
337.117960	2407.861764
337.510540	2414.274112
337.903056	2424.908426
338.295508	2428.439754
338.687896	2438.910231
339.080220	2444.145469
339.472480	2450.209977
339.864676	2453.796758
340.256807	2457.144084
340.648875	2456.360185
341.040879	2461.434106
341.432818	2464.297482
341.824694	2462.202882
342.216506	2459.919239
342.608253	2464.075671
342.999937	2459.919239
343.391557	2459.838581
343.783113	2456.914712
344.174605	2457.035699
344.566033	2452.642334
344.957397	2453.862293
345.348697	2452.816254
345.739934	2450.678804
346.131106	2452.145780
346.522215	2448.712754
346.913260	2444.203442
347.304241	2445.120932
347.695159	2443.336364
348.086012	2442.522218
348.476802	2437.886877
348.867528	2440.898966
349.258191	2435.114242
349.648789	2434.605085
350.039324	2434.095929
350.429796	2434.035435
350.820203	2436.513162
351.210548	2434.095929
351.600828	2432.129879
351.991045	2432.104673
352.381198	2430.524271
352.771288	2432.765064
353.161314	2431.426638
353.551276	2431.335897
353.941175	2430.425969
354.331010	2428.502769
354.720782	2433.896803
355.110490	2433.712801
355.500135	2429.768098
355.889717	2431.300609
356.279235	2430.942687
356.668689	2432.565939
357.058080	2431.156936
357.447408	2428.835485
357.836672	2429.919333
358.225873	2431.686257
358.615010	2434.753799
359.004084	2434.771443
359.393095	2435.812442
359.782043	2437.478543
360.170927	2439.187494
360.559748	2437.375199
360.948505	2439.754624
361.337199	2438.481733
361.725830	2442.996086
362.114398	2441.536672
362.502903	2440.472988
362.891344	2443.159923
363.279722	2438.849737
363.668037	2440.261260
364.056289	2440.140272
364.444478	2443.139759
364.832603	2441.776127
365.220665	2444.793257
365.608665	2448.213680
365.996601	2446.945830
366.384474	2447.127312
366.772284	2447.560851
367.160031	2445.640171
367.547715	2446.439194
367.935336	2446.348453
368.322893	2448.127981
368.710388	2448.478341
369.097820	2447.903649
369.485189	2450.945986
369.872495	2451.654268
370.259738	2451.961778
370.646918	2452.659978
371.034035	2450.751901
371.421090	2454.560493
371.808081	2450.464555
372.195010	2452.481017
372.581875	2453.433795
372.968678	2451.039247
373.355418	2455.140226
373.742096	2455.898919
374.128710	2454.994032
374.515262	2457.489403
374.901751	2458.137192
375.288177	2458.472428
375.674540	2456.599640
376.060841	2461.955866
376.447079	2459.526029
376.833254	2458.477469
377.219367	2453.602674
377.605417	2457.242387
377.991404	2459.155505
378.377329	2457.648200
378.763191	2457.451595
379.148991	2463.405197
379.534727	2464.181535
379.920402	2465.313274
380.306013	2465.877883
380.691563	2464.736062
381.077049	2468.489201
381.462474	2463.763119
381.847835	2466.593727
382.233134	2465.774540
382.618371	2468.645477
383.003545	2467.911989
383.388657	2468.406022
383.773706	2470.543471
384.158693	2474.024388
384.543618	2470.450210
384.928480	2472.343163
385.313280	2474.770479
385.698017	2473.079172
386.082692	2473.921044
386.467305	2475.360294
386.851856	2475.622434
387.236344	2479.443628
387.620770	2473.220324
388.005133	2477.606128
388.389435	2477.724595
388.773674	2480.335912
389.157851	2484.336068
389.541965	2480.973618
389.926018	2480.799699
390.310008	2483.058136
390.693936	2482.901860
391.077802	2484.706593
391.461606	2481.938999
391.845348	2485.329175
392.229027	2483.849597
392.612645	2485.422437
392.996200	2486.687766
393.379694	2491.746564
393.763125	2491.464260
394.146494	2491.920484
394.529801	2493.132882
394.913047	2493.082470
395.296230	2493.987357
395.679351	2493.402583
396.062410	2494.521719
396.445408	2496.064312
396.828343	2496.500372
397.211217	2493.916781
397.594028	2497.957266
397.976778	2496.628922
398.359466	2500.084633
398.742092	2498.100939
399.124656	2502.068327
399.507158	2504.112515
399.889598	2506.824655
400.271977	2508.964625
400.654294	2508.301713
401.036549	2509.662825
401.418742	2507.956394
401.800874	2513.960409
402.182944	2515.059380
402.564952	2516.881757
402.946898	2517.960564
403.328783	2520.924763
403.710606	2521.408713
404.092367	2526.724610
404.474067	2528.146216
404.855705	2532.257277
405.237282	2533.651156
405.618797	2538.775488
406.000250	2543.693134
406.381642	2550.695297
406.762972	2555.005483
407.144240	2560.802810
407.525447	2567.787329
407.906593	2572.475602
408.287677	2586.023703
408.668700	2598.487956
409.049661	2612.603187
409.430560	2625.291771
409.811399	2640.672331
410.192176	2660.093376
410.572891	2679.219514
410.953545	2710.514997
411.334138	2722.351626
411.714669	2762.438882
412.095139	2770.976076
412.475547	2820.079435
412.855894	2847.639423
413.236180	2899.938873
413.616405	2930.614295
413.996568	2984.854589
414.376670	3036.743186
414.756711	3081.838828
415.136691	3154.751556
415.516609	3227.215622
415.896466	3296.034934
416.276262	3390.465828
416.655997	3504.075792
417.035670	3590.188782
417.415283	3741.257039
417.794834	3840.555167
418.174324	3909.319026
418.553753	3997.708097
418.933121	4161.369156
419.312428	4245.390068
419.691674	4340.861960
420.070859	4525.847100
420.449983	4595.972071
420.829045	4812.335873
421.208047	4896.376949
421.586988	5115.228561
421.965867	5305.756450
422.344686	5444.612512
422.723444	5720.961004
423.102141	5552.331887
423.480777	5992.853116
423.859352	6021.176839
424.237866	6472.879347
424.616319	6565.019037
424.994712	6918.948366
425.373044	7030.481374
425.751314	7430.900224
426.129524	7323.826116
426.507673	7869.876339
426.885762	7958.709032
427.263789	8220.574289
427.641756	8471.601065
428.019662	8683.677366
428.397508	8892.809634
428.775292	9204.809166
429.153016	9386.820025
429.530679	9609.674313
429.908282	9824.162807
430.285824	9878.486281
430.663305	10405.087732
431.040726	10412.399926
431.418086	10514.437921
431.795385	11029.908504
432.172624	11449.095570
432.549802	11409.530074
432.926920	11702.942872
433.303977	11821.800677
433.680974	12150.914926
434.057910	12515.352541
434.434786	12730.851785
434.811601	12875.885781
435.188355	13713.002145
435.565050	13692.497252
435.941683	13834.148634
436.318257	14594.382360
436.694770	14649.424198
437.071222	15237.797428
437.447614	14786.679694
437.823946	14963.659482
438.200218	15236.839609
438.576429	15240.640639
438.952580	15611.974552
439.328670	15742.177473
439.704700	16199.934407
440.080670	16024.542583
440.456580	16632.780479
440.832429	16917.668686
441.208218	16265.660971
441.583947	16729.051394
441.959616	16951.739324
442.335224	17282.731404
442.710773	17517.460130
443.086261	18101.687011
443.461689	17668.268768
443.837057	17902.735353
444.212365	18568.631447
444.587612	18690.854222
444.962800	18423.693233
445.337927	18898.287621
445.712995	17855.023353
446.088002	19592.827551
446.462949	19854.176090
446.837837	20093.293140
447.212664	20153.895371
447.587431	22784.021608
447.962139	25536.002616
448.336786	27788.054918
448.711374	26454.727699
449.085901	23171.577954
449.460369	23181.897196
449.834776	23176.498120
450.209124	25550.662292
450.583412	25203.004158
450.957640	25749.440029
451.331808	24551.931577
451.705917	23309.085508
452.079965	23384.763309
452.453954	23776.317290
452.827883	23714.432086
453.201752	23565.045053
453.575562	23747.958279
453.949311	24837.525545
454.323001	24930.270173
454.696632	24740.798406
455.070202	26254.785455
455.443713	26419.742091
455.817164	26998.128796
456.190556	27530.943469
456.563888	27025.593002
456.937160	27451.446993
457.310373	25888.172583
457.683526	26307.977190
458.056619	26311.241337
458.429653	26277.132890
458.802628	26851.829470
459.175542	26971.062841
459.548398	28240.500996
459.921194	29789.042635
460.293930	30480.043675
460.666607	32451.664150
461.039224	34176.676420
461.411782	34550.425045
461.784280	33369.562483
462.156719	32880.038718
462.529099	32299.151602
462.901419	31055.892158
463.273680	30044.717355
463.645882	30137.270419
464.018024	30119.767533
464.390106	30957.972786
464.762130	33596.593367
465.134094	37627.552915
465.505999	42871.076320
465.877845	47383.350114
466.249631	48476.766301
466.621358	46715.409832
466.993026	44543.557247
467.364634	42466.150679
467.736184	40552.019522
468.107674	39334.359058
468.479105	38576.083820
468.850477	37901.164060
469.221790	36502.561461
469.593043	34830.897201
469.964238	33981.419928
470.335373	33901.348761
470.706449	35522.324219
471.077467	38029.282465
471.448425	42536.822615
471.819324	45381.986831
472.190164	43583.035957
472.560945	40084.210528
472.931667	37027.257356
473.302330	35950.459333
473.672934	35157.274104
474.043479	35651.586965
474.413965	34894.403137
474.784393	34535.946852
475.154761	35404.845170
475.525070	35436.445642
475.895321	34982.688864
476.265513	35579.760605
476.635645	36511.978336
477.005719	36352.395570
477.375734	36804.960115
477.745691	37482.372725
478.115588	38779.761558
478.485427	40712.290406
478.855207	44013.737019
479.224928	46637.476114
479.594591	48238.087831
479.964194	47204.132053
480.333739	47288.100032
480.703226	47322.732759
481.072653	47943.707131
481.442022	48453.758474
481.811333	48725.993385
482.180584	47430.058925
482.549777	46926.104857
482.918912	46405.610763
483.287988	46113.780888
483.657005	45297.542463
484.025964	44646.747145
484.394864	44645.912834
484.763706	44217.969284
485.132489	43362.089746
485.501213	43204.238616
485.869879	43356.995660
486.238487	42962.653921
486.607036	43159.518541
486.975527	42640.146104
487.343959	42844.814429
487.712333	42921.034155
488.080648	42832.587111
488.448905	43258.269703
488.817104	43071.908328
489.185244	44007.647305
489.553326	45668.415110
489.921350	48378.546980
490.289315	51310.255205
490.657222	51952.193215
491.025070	52220.581725
491.392861	51314.956081
491.760593	50001.019660
492.128267	48296.406419
492.495883	46765.392872
492.863440	45392.474952
493.230939	44051.402000
493.598380	43006.890046
493.965763	42666.279445
494.333088	41891.247412
494.700354	41419.944898
495.067563	41147.750316
495.434713	41034.082379
495.801805	41093.557912
496.168839	40727.426470
496.535815	40403.103838
496.902733	40436.549373
497.269593	40040.400380
497.636395	39967.724586
498.003139	40361.189164
498.369825	39845.292603
498.736453	40125.200150
499.103023	39683.534579
499.469535	39556.474817
499.835989	39652.818828
500.202385	39313.700409
500.568723	39333.363430
500.935003	39532.922546
501.301226	39350.778096
501.667390	39927.924676
502.033497	40173.862408
502.399546	39604.887538
502.765537	38945.983524
503.131470	39316.636881
503.497345	39660.161269
503.863163	38357.995943
504.228923	38957.368970
504.594625	39354.652222
504.960269	38643.151330
505.325856	39327.203140
505.691385	38704.098880
506.056856	38823.009617
506.422270	39260.793500
506.787625	38846.234213
507.152924	39042.614882
507.518164	39118.975760
507.883347	38360.085501
508.248472	38606.360990
508.613540	39054.378414
508.978550	39353.941420
509.343503	39096.557748
509.708398	39292.313314
510.073236	39820.732101
510.438016	39825.130508
510.802738	39278.629102
511.167403	39880.615968
511.532010	40104.055030
511.896561	40398.060163
512.261053	41212.067878
512.625488	40765.477100
512.989866	40653.485346
513.354186	40488.647177
513.718449	40483.588379
514.082655	41138.870324
514.446803	40835.642399
514.810894	41334.159583
515.174927	41256.029260
515.538904	41166.107678
515.902822	41813.406955
516.266684	41267.381938
516.630488	41661.789212
516.994235	41532.103009
517.357925	42077.316400
517.721558	42243.581216
518.085133	42535.779096
518.448651	42679.341075
518.812112	42452.350520
519.175516	42553.392887
519.538863	42883.132240
519.902152	42856.449412
520.265385	43290.321359
520.628560	43335.737114
520.991678	43131.169612
521.354739	43366.702402
521.717743	43680.501626
522.080690	43580.807767
522.443580	44121.723575
522.806413	44163.736551
523.169189	44111.258140
523.531908	44286.806240
523.894569	44138.992048
524.257174	44314.015868
524.619722	44601.069250
524.982213	44579.576291
525.344647	44517.106312
525.707025	44558.897478
526.069345	44946.320233
526.431608	44880.202980
526.793815	45184.335792
527.155964	44721.406634
527.518057	44892.480710
527.880093	44675.219582
528.242072	45186.349733
528.603995	44897.358027
528.965860	44912.635243
529.327669	44994.740516
529.689421	44896.082615
530.051117	44855.927304
530.412755	45019.159865
530.774337	45088.881543
531.135862	44880.490326
531.497331	45077.110449
531.858743	44977.676210
532.220098	45317.470144
532.581396	45036.309871
532.942638	44698.290423
533.303824	44990.637017
533.664953	44958.595443
534.026025	44687.504874
534.387040	45145.723074
534.747999	45104.128513
535.108902	45264.134736
535.469748	44800.041072
535.830537	44918.697231
536.191270	45103.619357
536.551947	44765.055464
536.912567	45065.765333
537.273131	45169.489593
537.633638	44665.832954
537.994089	45029.476587
538.354483	44633.619981
538.714821	45185.349063
539.075103	45523.376073
539.435328	45310.538558
539.795497	45196.416917
540.155609	45191.491709
540.515665	45647.398540
540.875665	45118.689886
541.235609	45442.069823
541.595496	45395.907977
541.955328	46062.477065
542.315102	45460.555734
542.674821	45250.284166
543.034483	45264.054078
543.394090	45248.005565
543.753640	45222.373818
544.113134	46214.183028
544.472571	45247.808960
544.831953	46469.353633
545.191278	45696.459049
545.550548	45437.661334
545.909761	45887.095323
546.268918	46094.027127
546.628019	46388.208700
546.987064	45952.635364
547.346053	45253.422284
547.704986	46119.064017
548.063863	45694.384614
548.422684	45903.400935
548.781449	45763.662671
549.140158	46145.913203
549.498811	46002.220153
549.857408	45444.285410
550.215949	46269.429033
550.574434	46211.475929
550.932864	45993.738412
551.291237	46707.868266
551.649555	46314.418811
552.007817	46553.172898
552.366022	46203.031996
552.724173	46390.018475
553.082267	46786.830379
553.440305	47081.969772
553.798288	46409.986485
554.156215	46714.696509
554.514086	46930.609128
554.871902	46692.245730
555.229661	46696.508026
555.587365	46539.642441
555.945014	46634.022924
556.302606	46565.140597
556.660143	46789.837427
557.017625	46868.597894
557.375050	46675.123451
557.732421	47013.150460
558.089735	47002.879109
558.446994	46915.767971
558.804197	47388.572749
559.161345	47323.861978
559.518437	46588.647498
559.875474	46909.244718
560.232455	47056.045638
560.589381	47242.717045
560.946251	46923.191070
561.303065	47604.747508
561.659825	47420.178263
562.016528	47107.510778
562.373177	46821.042170
562.729770	47292.027091
563.086307	46817.483115
563.442789	47282.080895
563.799216	47324.348449
564.155587	47116.237015
564.511904	47139.378432
564.868164	47240.072960
565.224370	47480.309146
565.580520	47212.306284
565.936615	47417.022501
566.292654	47147.885379
566.648638	47386.369765
567.004567	47337.112651
567.360441	47371.450470
567.716260	47256.809590
568.072023	47513.726955
568.427732	47516.313067
568.783385	47057.928509
569.138982	47461.997155
569.494525	47430.373997
569.850013	47177.179524
570.205445	47156.593973
570.560823	47114.916233
570.916145	46982.399422
571.271412	47000.754263
571.626625	46769.856814
571.981782	46816.555543
572.336884	46517.345418
572.691931	46826.968046
573.046923	46434.889785
573.401860	46277.124355
573.756743	46254.240037
574.111570	46373.901906
574.466342	46247.169819
574.821059	46353.240737
575.175722	45874.046296
575.530330	45888.199336
575.884882	45630.520757
576.239380	45573.603609
576.593823	45551.203242
576.948211	45477.345297
577.302544	44992.840001
577.656823	45041.648452
578.011047	45253.384476
578.365216	44976.506663
578.719330	44792.950689
579.073389	44618.040295
579.427394	44702.535074
579.781344	44683.119070
580.135239	44349.603894
580.489080	44428.964258
580.842866	43916.223459
581.196597	44365.410432
581.550273	44310.882791
581.903895	44169.208724
582.257463	44606.312050
582.610975	43980.707379
582.964434	44276.086227
583.317837	43907.441769
583.671186	43764.474646
584.024481	43973.753107
584.377721	43519.167059
584.730906	43802.041325
585.084037	43816.965661
585.437113	43548.355340
585.790135	43594.348307
586.143103	43179.443701
586.496016	43309.921366
586.848874	43321.924353
587.201679	43354.679250
587.554428	42837.159437
587.907124	43019.427396
588.259765	42774.848255
588.612352	42999.282945
588.964884	42424.447734
589.317362	42713.794841
589.669786	42640.816577
590.022155	42437.990793
590.374470	42833.449148
590.726731	42370.136863
591.078937	41897.110274
591.431090	41985.902637
591.783188	41645.158446
592.135232	41339.876251
592.487222	41565.997207
592.839157	41667.372290
593.191038	41330.585405
593.542866	41105.702052
593.894639	40514.495694
594.246358	40789.959463
594.598022	40763.717737
594.949633	40380.237164
595.301190	40318.601496
595.652692	40172.075319
596.004141	40477.690229
596.355535	39523.709837
596.706876	39482.546296
597.058162	39322.048560
597.409395	39772.556315
597.760573	39844.591882
598.111698	39430.183831
598.462768	39432.021331
598.813785	39481.212910
599.164748	38939.724932
599.515657	39330.472328
599.866511	38808.365065
600.217312	39398.994212
600.568060	38395.789473
600.918753	39121.556830
601.269392	39083.544010
601.619978	38739.225640
601.970510	38956.108682
602.320988	39140.352772
602.671412	39428.348851
603.021783	39183.588228
603.372100	38836.219961
603.722363	38949.136766
604.072572	39019.838949
604.422728	39029.071822
604.772830	38851.706386
605.122878	38925.178682
605.472872	38886.618897
605.822813	39155.249382
606.172701	38983.943413
606.522534	39214.815656
606.872314	39477.971448
607.222041	39235.249973
607.571714	39604.423752
607.921333	39079.009492
608.270899	39359.280002
608.620411	39716.720495
608.969870	39503.540181
609.319276	39497.553811
609.668627	39561.369777
610.017926	40018.171412
610.367171	40157.929841
610.716362	40268.694073
611.065500	40218.758924
611.414585	40411.618347
611.763616	40698.018899
612.112594	40623.561057
612.461518	40852.159740
612.810389	41128.851031
613.159207	40985.830975
613.507971	41063.162275
613.856682	41527.825590
614.205340	41409.855028
614.553945	42109.884775
614.902496	41581.730648
615.250994	42028.797815
615.599439	42111.429888
615.947830	42313.068481
616.296169	42367.555792
616.644454	42491.411901
616.992686	42664.257943
617.340864	43170.593956
617.688990	42904.584870
618.037063	43490.316535
618.385082	43470.469513
618.733048	43762.518678
619.080961	43772.664001
619.428821	43784.825784
619.776628	43883.997883
620.124382	43718.090990
620.472083	43832.207589
620.819731	43961.626611
621.167326	43622.283861
621.514868	43612.365391
621.862357	43165.653625
622.209793	43195.663614
622.557176	42865.394940
622.904506	42618.922846
623.251783	42273.692028
623.599007	42040.543704
623.946179	41837.249092
624.293297	41798.706951
624.640363	41203.933976
624.987376	41190.973169
625.334336	40932.298963
625.681243	40591.259864
626.028097	40571.339744
626.374899	40420.253843
626.721647	40385.230427
627.068343	40270.047623
627.414987	40053.608203
627.761577	39812.343621
628.108115	40168.402838
628.454600	39636.994647
628.801032	39809.271038
629.147412	39781.209455
629.493739	39788.052822
629.840014	39436.455026
630.186236	39766.287640
630.532405	39396.201413
630.878521	39600.642886
631.224585	39472.705963
631.570597	39190.068632
631.916556	39363.978357
632.262462	39307.509872
632.608316	39317.274587
632.954117	39215.327333
633.299866	39213.953619
633.645562	39130.232656
633.991206	38633.578179
634.336797	38209.891884
634.682336	38201.437869
635.027823	37956.160528
635.373257	37769.499204
635.718639	37528.511886
636.063968	37392.236894
636.409245	36835.814498
636.754470	36884.754019
637.099642	36641.016751
637.444762	36171.965112
637.789829	36320.071692
638.134845	35965.746632
638.479808	35927.534686
638.824719	35826.194890
639.169577	35442.240449
639.514383	35496.848748
639.859137	35202.127771
640.203839	35437.302639
640.548489	35080.414152
640.893086	35159.398951
641.237632	34908.513327
641.582125	35019.862333
641.926566	34958.904700
642.270955	34921.285090
642.615292	34937.295794
642.959576	34918.008340
643.303809	34912.180766
643.647990	35054.439607
643.992118	35020.374010
644.336195	35035.386566
644.680219	35116.569308
645.024192	35414.625008
645.368112	35925.054438
645.711981	35947.588396
646.055797	36795.996944
646.399562	36743.815960
646.743274	37675.353136
647.086935	38109.918241
647.430544	37997.588731
647.774101	38112.879919
648.117606	38369.643528
648.461059	38660.361830
648.804460	38255.030375
649.147810	37669.631426
649.491108	37405.283401
649.834354	37049.196457
650.177548	36229.318319
650.520690	35774.122292
650.863781	35778.152694
651.206820	35640.214122
651.549807	35214.526488
651.892742	34729.673353
652.235626	34551.208945
652.578458	34407.904064
652.921238	33815.621420
653.263967	34148.972759
653.606644	33835.791076
653.949269	33768.403452
654.291843	33375.145561
654.634365	33786.407933
654.976836	33389.938827
655.319255	33390.263982
655.661622	33389.180133
656.003938	33161.801410
656.346203	33024.840822
656.688416	33234.550301
657.030577	33045.038204
657.372687	32889.813516
657.714746	33140.636125
658.056753	33273.848616
658.398708	32728.231932
658.740612	32785.154121
659.082465	33067.773808
659.424266	32885.256313
659.766016	32991.170955
660.107715	32862.598847
660.449362	32997.613550
660.790958	32997.666482
661.132503	33008.913296
661.473996	33035.903634
661.815438	33141.483039
662.156829	33355.767366
662.498168	33125.341265
662.839456	33146.695592
663.180693	33297.118582
663.521879	33457.694455
663.863013	33415.091664
664.204097	33398.932246
664.545129	33863.537587
664.886110	33832.060622
665.227040	33896.897422
665.567918	34013.388406
665.908746	34086.863223
666.249522	34252.533182
666.590248	34240.840226
666.930922	34358.490674
667.271545	34321.874253
667.612118	34403.470370
667.952639	34191.540262
668.293109	34246.819034
668.633528	34133.647651
668.973896	34045.722366
669.314213	34072.944597
669.654480	33828.917463
669.994695	33857.924262
670.334859	33752.324692
670.674973	33649.762417
671.015035	33814.290555
671.355047	33749.627675
671.695008	33701.572876
672.034918	33608.298927
672.374777	33687.752552
672.714585	33523.869682
673.054342	33741.206427
673.394049	33508.158926
673.733705	33786.571771
674.073310	33458.470793
674.412864	33533.694891
674.752368	33112.561940
675.091820	33421.355298
675.431223	32993.729341
675.770574	32733.383991
676.109875	32597.043465
676.449125	32326.497341
676.788324	32240.608682
677.127473	31710.226366
677.466571	31638.190798
677.805619	31291.437551
678.144616	31281.808947
678.483562	31213.163555
678.822458	30891.958876
679.161303	30822.590079
679.500098	30731.156151
679.838842	30622.146240
680.177535	30763.437179
680.516179	31034.046318
680.854771	31290.923353
681.193314	32145.630823
681.531805	33265.951648
681.870247	34066.915377
682.208638	34788.168381
682.546978	35013.427300
682.885268	35090.839258
683.223508	34557.389399
683.561697	34214.868201
683.899836	34037.911098
684.237925	33527.103582
684.575963	33374.890983
684.913951	32930.845988
685.251889	33096.185751
685.589776	33074.687751
685.927614	33072.003336
686.265401	33202.417986
686.603137	33313.335974
686.940824	33818.129394
687.278460	34205.040472
687.616046	34349.459447
687.953582	34959.658353
688.291068	34828.452242
688.628504	35101.166062
688.965889	35018.672620
689.303224	34626.990090
689.640510	34287.937206
689.977745	33549.014957
690.314930	32762.221912
690.652065	32224.517319
690.989150	31491.694867
691.326185	30601.822828
691.663170	29888.572656
692.000105	29132.817995
692.336990	28453.514952
692.673825	27997.439243
693.010610	27495.191606
693.347345	26913.384479
693.684030	26280.074403
694.020665	25991.357440
694.357251	25330.870505
694.693786	25289.374247
695.030272	25042.783686
695.366707	24511.194013
695.703093	24221.627615
696.039429	24213.428178
696.375716	23950.221974
696.711952	23911.878958
697.048139	23762.910342
697.384276	23592.509259
697.720363	23707.926477
698.056400	23501.526515
698.392388	23296.830463
698.728326	23257.537189
699.064214	23046.970713
699.400053	22996.261747
699.735842	22633.641468
700.071581	22358.051670
700.407270	22076.979617
700.742910	21893.436246
701.078501	21616.119853
701.414042	21330.767860
701.749533	21037.612161
702.084974	20693.455108
702.420366	20892.366436
702.755709	20454.164138
703.091002	20160.350568
703.426246	20181.225987
703.761440	20084.473641
704.096584	19815.283588
704.431679	19768.486557
704.766725	19683.727116
705.101721	19617.602301
705.436668	19712.983453
705.771565	19388.030676
706.106413	19737.934644
706.441212	19719.965451
706.775961	19839.148410
707.110661	19921.800648
707.445311	20270.837537
707.779913	20112.935996
708.114465	20361.238029
708.448967	20643.091461
708.783421	21338.377482
709.117825	21606.004778
709.452180	21832.584478
709.786485	22228.340261
710.120742	23032.341285
710.454949	23051.132186
710.789107	23517.859853
711.123216	24225.408481
711.457275	24344.256203
711.791286	24885.338369
712.125247	24949.764315
712.459159	24632.521983
712.793023	25297.296420
713.126837	24191.486556
713.460602	24438.243475
713.794318	24068.671446
714.127985	23673.142515
714.461602	22780.414663
714.795171	22739.611563
715.128691	21716.653063
715.462162	21182.197494
715.795584	20763.025552
716.128957	20502.032414
716.462281	20107.236972
716.795556	19865.596824
717.128782	19367.994610
717.461960	18832.417384
717.795088	18757.286548
718.128167	18346.858487
718.461198	17887.614412
718.794180	17751.558711
719.127113	17385.321405
719.459997	17189.757403
719.792833	16841.534660
720.125619	16818.867112
720.458357	16504.770460
720.791046	16340.988412
721.123686	16180.641912
721.456278	15936.042606
721.788821	15896.134312
722.121315	15640.613347
722.453761	15719.625872
722.786158	15636.640918
723.118506	15653.296890
723.450805	15515.280180
723.783056	15677.711198
724.115259	15584.885912
724.447412	15512.124418
724.779518	15761.785041
725.111574	15779.378668
725.443582	15968.968903
725.775542	15952.055832
726.107453	16419.590083
726.439315	16307.162270
726.771129	16702.164400
727.102895	17070.970175
727.434612	17281.191331
727.766281	17411.016166
728.097901	17661.067479
728.429473	17704.013069
728.760996	17686.858022
729.092471	17761.701513
729.423897	17637.303480
729.755276	17496.468765
730.086606	17619.246067
730.417887	18138.439543
730.749120	18657.786774
731.080305	18834.617848
731.411442	19169.146296
731.742530	19234.830010
732.073570	19329.071861
732.404562	19621.733527
732.735506	19434.076575
733.066401	19141.919024
733.397249	18614.798334
733.728048	17988.951687
734.058798	17141.687481
734.389501	16477.578476
734.720156	16019.554361
735.050762	15500.363406
735.381320	15142.522141
735.711831	14899.074740
736.042293	14560.047061
736.372707	14571.170367
736.703073	14361.859139
737.033391	14553.312080
737.363661	14519.619528
737.693883	14623.333707
738.024056	14789.164983
738.354182	14984.976001
738.684260	15262.801551
739.014290	15496.872407
739.344272	15677.930488
739.674207	15953.283353
740.004093	16058.792182
740.333931	16053.372942
740.663722	16092.270485
740.993464	16081.101808
741.323159	15905.054634
741.652806	15629.051461
741.982405	15412.980045
742.311956	15081.352780
742.641460	14962.187465
742.970915	14646.974198
743.300323	14316.352643
743.629683	14110.751704
743.958996	13830.677799
744.288260	13566.455803
744.617477	13268.014454
744.946647	13194.968135
745.275768	12914.047316
745.604842	12734.864544
745.933869	12565.038153
746.262847	12519.362778
746.591778	12442.593567
746.920662	12348.744927
747.249498	12348.455060
747.578286	12470.032568
747.907027	12606.047939
748.235720	12830.706961
748.564365	12853.513141
748.892963	12758.195004
749.221514	12817.443685
749.550017	12667.429029
749.878473	12627.550981
750.206881	12412.865883
750.535242	12315.493476
750.863555	12234.945920
751.191821	12135.405816
751.520039	12149.659679
751.848210	12069.795199
752.176334	12101.788882
752.504411	12004.512257
752.832440	11848.175994
753.160421	11907.107082
753.488356	11789.275152
753.816243	11697.695031
754.144082	11554.301930
754.471875	11503.441729
754.799620	11447.830240
755.127318	11423.932651
755.454969	11382.834644
755.782572	11329.559730
756.110129	11345.832575
756.437638	11261.731005
756.765100	11256.901580
757.092515	11251.137020
757.419882	11275.029569
757.747203	11281.630960
758.074477	11346.250990
758.401703	11308.568365
758.728882	11473.081380
759.056014	11513.715601
759.383099	11624.283228
759.710138	11726.608569
760.037129	11809.860704
760.364073	11835.769714
760.690970	11812.421610
761.017820	11821.210862
761.344623	12002.851197
761.671379	12318.336687
761.998088	12950.981330
762.324751	14506.046221
762.651366	17369.787089
762.977935	21024.006087
763.304456	23221.714750
763.630931	23677.961858
763.957359	22507.637828
764.283740	20586.426371
764.610074	18711.452377
764.936362	16592.975529
765.262602	15073.914558
765.588796	13616.363226
765.914943	12597.538472
766.241044	11750.145716
766.567097	11121.236568
766.893104	10576.262631
767.219064	10214.907683
767.544978	9832.982305
767.870845	9530.646665
768.196665	9338.482922
768.522438	9142.129979
768.848165	8982.126277
769.173846	8814.197881
769.499479	8690.208181
769.825066	8540.246457
770.150607	8357.245011
770.476101	8291.047099
770.801548	8178.205911
771.126949	8044.527114
771.452303	7957.526881
771.777611	7794.430431
772.102872	7768.269363
772.428087	7649.850138
772.753256	7529.341356
773.078378	7441.095958
773.403453	7303.764845
773.728482	7198.230809
774.053465	7136.398537
774.378401	7047.013838
774.703291	6952.071267
775.028135	6859.276228
775.352932	6821.492780
775.677683	6739.742908
776.002388	6656.321894
776.327046	6656.309292
776.651658	6564.950981
776.976224	6492.882646
777.300743	6471.563606
777.625216	6408.216467
777.949643	6367.506629
778.274024	6372.814964
778.598359	6305.008924
778.922647	6301.585981
779.246889	6265.849241
779.571086	6269.582215
779.895236	6287.105266
780.219339	6285.323218
780.543397	6282.759792
780.867409	6331.969015
781.191374	6324.692109
781.515294	6293.084075
781.839167	6340.657443
782.162995	6310.813813
782.486776	6267.293532
782.810511	6229.575618
783.134201	6149.322970
783.457844	6135.134642
783.781441	6091.417756
784.104993	6044.247680
784.428498	6016.972517
784.751958	6003.847873
785.075372	5976.577751
785.398739	5935.996463
785.722061	5961.255164
786.045337	5961.207273
786.368568	6071.618624
786.691752	6091.536223
787.014891	6337.388255
787.337983	6619.297140
787.661030	7061.809625
787.984031	7487.865263
788.306987	7747.071311
788.629897	7830.071388
788.952760	7746.194150
789.275579	7563.772437
789.598351	7268.406192
789.921078	6999.158165
790.243759	6722.406380
790.566395	6519.719228
790.888984	6327.303427
791.211529	6190.731008
791.534027	6025.507190
791.856480	5890.663887
792.178888	5832.178940
792.501249	5758.983907
792.823566	5658.599410
793.145836	5660.565460
793.468062	5636.226770
793.790241	5595.960553
794.112375	5641.484693
794.434464	5734.153704
794.756507	5762.414412
795.078505	5886.026025
795.400457	6105.283450
795.722364	6341.796744
796.044226	6540.907198
796.366042	6693.752462
796.687812	6637.299100
797.009538	6667.407392
797.331218	6575.189564
797.652852	6507.423854
797.974442	6384.671758
798.295986	6314.287168
798.617484	6185.352096
798.938938	6072.669705
799.260346	6006.595302
799.581709	5870.078335
799.903026	5816.029604
800.224299	5750.300519
800.545526	5632.672756
800.866708	5568.889557
801.187845	5515.627246
801.508936	5440.541780
801.829983	5414.400877
802.150984	5304.191172
802.471940	5281.581597
802.792851	5261.797588
803.113717	5244.977778
803.434538	5220.709664
803.755314	5183.863870
804.076045	5176.123179
804.396731	5139.668075
804.717372	5157.357483
805.037967	5157.949819
805.358518	5191.196229
805.679024	5244.798818
805.999485	5254.903810
806.319901	5273.556080
806.640272	5290.822032
806.960598	5338.032437
807.280879	5327.912321
807.601115	5369.466552
807.921306	5331.420964
808.241453	5323.662628
808.561554	5335.786603
808.881611	5301.940296
809.201623	5291.966373
809.521590	5244.808900
809.841513	5230.209718
810.161390	5247.412656
810.481223	5156.984438
810.801011	5144.726873
811.120755	5125.817504
811.440453	5062.286363
811.760107	5038.456829
812.079716	5013.009084
812.399281	4962.272391
812.718801	4955.935661
813.038276	4923.616824
813.357707	4887.224734
813.677093	4910.222478
813.996434	4849.968087
814.315731	4866.424933
814.634983	4865.638513
814.954191	4870.064646
815.273354	4930.238379
815.592473	4971.046520
815.911547	5042.459505
816.230577	5099.502681
816.549562	5190.049366
816.868502	5235.515533
817.187399	5292.263802
817.506250	5370.197519
817.825058	5401.157766
818.143821	5550.499428
818.462539	5720.550150
818.781213	5948.080108
819.099843	6311.774152
819.418429	6938.525687
819.736970	7556.959317
820.055466	8263.734128
820.373919	9177.334877
820.692327	10620.733170
821.010691	13320.742402
821.329011	19558.401511
821.647286	29144.357196
821.965517	39498.133543
822.283704	44985.495040
822.601847	46446.174408
822.919945	41822.115549
823.237999	36677.829777
823.556010	31462.380557
823.873976	26757.320438
824.191897	22547.218447
824.509775	19482.630448
824.827609	16717.020681
825.145398	15165.320759
825.463144	14412.121963
825.780845	14703.606520
826.098502	15967.703573
826.416116	18430.385365
826.733685	20710.930268
827.051210	21246.502453
827.368692	19808.546086
827.686129	17242.623984
828.003522	14765.337969
828.320872	12546.186758
828.638177	10903.753629
828.955439	9665.510133
829.272656	8601.325077
829.589830	7760.475739
829.906960	7031.350973
830.224046	6493.585887
830.541088	6091.455565
830.858086	5832.647768
831.175041	5631.992200
831.491952	5571.732768
831.808819	5608.797852
832.125642	5851.378175
832.442421	6403.671867
832.759157	7507.102306
833.075849	9282.788254
833.392497	11127.424584
833.709101	12249.184659
834.025662	11986.593475
834.342179	10931.676580
834.658653	9624.089493
834.975083	8516.071604
835.291469	7618.335365
835.607811	6883.103241
835.924110	6360.670824
836.240366	5873.954982
836.556578	5424.546199
836.872746	5072.998815
837.188871	4799.896826
837.504952	4579.903393
837.820990	4413.764606
838.136984	4301.132626
838.452935	4257.118312
838.768842	4279.443062
839.084706	4564.275816
839.400526	5304.334844
839.716303	6210.835129
840.032037	6773.211129
840.347727	6624.030783
840.663373	6024.602303
840.978977	5449.449499
841.294537	5008.013301
841.610054	4678.256304
841.925527	4432.545425
842.240957	4229.933890
842.556344	4050.536868
842.871687	3887.626941
843.186987	3740.324425
843.502244	3625.154225
843.817458	3534.035369
844.132629	3467.078763
844.447756	3415.570774
844.762840	3373.230123
845.077881	3331.328052
845.392879	3298.679019
845.707833	3275.681275
846.022745	3247.062645
846.337613	3234.467322
846.652438	3211.073848
846.967221	3206.297354
847.281960	3183.047553
847.596656	3171.740245
847.911309	3162.335972
848.225919	3149.072697
848.540485	3139.691109
848.855009	3133.447640
849.169490	3123.960189
849.483928	3111.793364
849.798323	3105.370934
850.112675	3093.894747
850.426984	3098.923298
850.741251	3090.464242
851.055474	3087.994077
851.369654	3090.179417
851.683792	3086.559868
851.997887	3090.723861
852.311938	3092.276537
852.625947	3088.026844
852.939914	3082.990731
853.253837	3089.771083
853.567718	3086.103644
853.881555	3079.663570
854.195350	3084.717327
854.509103	3085.183633
854.822812	3079.880339
855.136479	3076.522931
855.450103	3081.795978
855.763685	3072.928588
856.077224	3077.677355
856.390720	3084.737491
856.704173	3092.170673
857.017584	3102.169801
857.330953	3104.650049
857.644278	3112.741101
857.957561	3113.005761
858.270802	3111.276646
858.584000	3110.323867
858.897155	3108.423353
859.210268	3099.054368
859.523339	3086.708582
859.836367	3082.226997
860.149352	3078.052921
860.462295	3072.071592
860.775195	3065.450037
861.088054	3061.853173
861.400869	3063.683112
861.713642	3057.979047
862.026373	3067.171591
862.339062	3070.329873
862.651708	3077.145513
862.964312	3097.113524
863.276873	3104.783639
863.589392	3133.480408
863.901869	3158.038389
864.214303	3185.192564
864.526696	3202.823999
864.839045	3217.372769
865.151353	3233.912795
865.463619	3230.202506
865.775842	3231.198134
866.088023	3237.744072
866.400162	3230.968761
866.712258	3232.380284
867.024313	3229.191755
867.336325	3229.910119
867.648296	3230.658730
867.960224	3230.762074
868.272110	3233.703587
868.583954	3231.838360
868.895755	3236.566963
869.207515	3238.404463
869.519233	3254.548758
869.830909	3262.929677
870.142542	3276.238323
870.454134	3281.907100
870.765684	3295.112403
871.077191	3310.780309
871.388657	3324.109120
871.700081	3342.320288
872.011463	3364.045141
872.322803	3381.061555
872.634101	3398.728279
872.945357	3416.465579
873.256571	3446.299127
873.567744	3464.298567
873.878874	3468.865853
874.189963	3484.077534
874.501010	3485.602483
874.812015	3481.468737
875.122979	3497.938187
875.433900	3495.470542
875.744780	3498.679236
876.055618	3504.965555
876.366415	3503.470853
876.677169	3508.811956
876.987882	3525.914070
877.298554	3543.376627
877.609183	3584.386413
877.919771	3633.623363
878.230317	3701.363868
878.540822	3804.773057
878.851285	3955.566571
879.161707	4180.409594
879.472087	4555.884815
879.782425	5187.284293
880.092722	6378.375357
880.402977	8322.450967
880.713191	10712.756913
881.023363	13114.647430
881.333494	14473.011540
881.643583	14925.722279
881.953631	14517.124157
882.263637	13670.769879
882.573602	12623.916309
882.883526	11660.017447
883.193408	10693.527432
883.503248	9767.301112
883.813048	8939.016850
884.122806	8171.619644
884.432522	7395.395378
884.742197	6733.963225
885.051831	6166.185629
885.361424	5666.249361
885.670975	5268.293115
885.980485	4943.904947
886.289954	4680.297972
886.599382	4454.935709
886.908768	4276.312505
887.218113	4113.468113
887.527417	3977.903924
887.836680	3862.264896
888.145901	3754.243051
888.455082	3680.231351
888.764221	3610.174436
889.073319	3550.240158
889.382376	3517.041639
889.691392	3489.670694
890.000366	3482.809684
890.309300	3480.044611
890.618193	3484.760611
890.927044	3475.043787
891.235855	3483.409581
891.544625	3501.587982
891.853353	3529.092517
892.162041	3587.128801
892.470687	3680.652287
892.779293	3802.045793
893.087858	3975.708501
893.396381	4255.926079
893.704864	4672.849667
894.013306	5244.481225
894.321707	5820.669986
894.630068	6182.120717
894.938387	6220.388116
895.246665	6040.822216
895.554903	5724.565429
895.863100	5378.903592
896.171256	5111.278817
896.479371	4868.620356
896.787446	4640.608967
897.095480	4439.845015
897.403473	4295.915032
897.711425	4148.720901
898.019336	4023.584339
898.327207	3899.917274
898.635038	3799.600833
898.942827	3687.460366
899.250576	3606.328036
899.558284	3517.712113
899.865952	3464.051551
900.173579	3398.088053
900.481165	3355.245807
900.788711	3311.503715
901.096216	3278.736215
901.403681	3253.414499
901.711105	3238.533013
902.018489	3236.324987
902.325832	3272.298661
902.633135	3331.562466
902.940397	3500.456243
903.247619	3911.615271
903.554800	4667.501003
903.861941	5645.827647
904.169041	6353.870308
904.476101	6570.254275
904.783121	6285.419000
905.090100	5879.497731
905.397039	5465.624041
905.703938	5101.083083
906.010796	4782.197335
906.317614	4520.395092
906.624391	4278.664203
906.931129	4082.311261
907.237826	3904.429107
907.544483	3728.384453
907.851099	3555.291394
908.157675	3395.267527
908.464211	3249.850403
908.770707	3151.936072
909.077163	3070.224009
909.383578	3007.915348
909.689954	2962.670992
909.996289	2937.266097
910.302584	2915.715164
910.608839	2900.379974
910.915054	2889.591905
911.221229	2885.964795
911.527363	2888.994528
911.833458	2896.364695
912.139513	2909.111253
912.445527	2924.007863
912.751502	2958.096145
913.057436	2999.514265
913.363331	3059.703121
913.669186	3149.871719
913.975000	3264.749533
914.280775	3453.686938
914.586510	3724.492682
914.892205	4104.880507
915.197859	4605.968679
915.503475	5195.617321
915.809050	5698.580802
916.114585	5993.483260
916.420081	6056.427107
916.725536	5989.871274
917.030952	5747.351444
917.336328	5542.000042
917.641665	5328.398792
917.946961	5101.912353
918.252218	4895.819901
918.557435	4664.471269
918.862612	4466.898367
919.167750	4291.960247
919.472848	4099.806586
919.777906	3930.577572
920.082925	3769.001029
920.387904	3616.543934
920.692843	3504.650483
920.997743	3403.557704
921.302603	3309.542706
921.607423	3245.986359
921.912204	3179.848941
922.216946	3127.733492
922.521647	3077.760534
922.826310	3037.670758
923.130932	2998.521158
923.435516	2959.492544
923.740059	2933.560849
924.044564	2900.248904
924.349028	2877.326778
924.653454	2845.282683
924.957840	2817.904177
925.262186	2799.672844
925.566493	2777.600152
925.870761	2748.255595
926.174989	2740.492218
926.479178	2725.925804
926.783328	2705.975438
927.087438	2697.765919
927.391509	2684.762263
927.695541	2673.238185
927.999533	2665.928512
928.303486	2654.396872
928.607400	2648.539052
928.911275	2640.989924
929.215110	2637.473719
929.518906	2633.566825
929.822663	2636.152937
930.126381	2636.319295
930.430060	2637.677886
930.733699	2638.373565
931.037299	2640.848772
931.340861	2639.661580
931.644383	2644.112919
931.947866	2642.320788
932.251309	2639.795170
932.554714	2640.490850
932.858080	2637.705612
933.161407	2636.379789
933.464694	2627.086422
933.767943	2626.363016
934.071153	2621.064763
934.374323	2619.862448
934.677455	2617.788013
934.980548	2612.217538
935.283602	2610.669904
935.586617	2609.966663
935.889593	2613.893722
936.192530	2613.072014
936.495428	2618.070318
936.798287	2628.508027
937.101108	2642.035963
937.403890	2665.195024
937.706632	2693.057481
938.009336	2723.662326
938.312002	2756.122316
938.614628	2779.782972
938.917216	2795.029941
939.219765	2807.083340
939.522275	2818.733447
939.824747	2818.254537
940.127179	2810.317240
940.429573	2805.669297
940.731929	2804.852630
941.034246	2794.775363
941.336524	2792.819395
941.638763	2783.079886
941.940964	2780.632406
942.243126	2762.186824
942.545250	2755.487131
942.847335	2736.355952
943.149381	2724.075701
943.451389	2709.105995
943.753359	2698.189376
944.055290	2689.611853
944.357182	2680.252951
944.659036	2674.992507
944.960851	2671.115859
945.262628	2667.801301
945.564367	2669.079233
945.866067	2666.493121
946.167729	2664.045641
946.469352	2664.733758
946.770937	2660.179076
947.072484	2655.994918
947.373992	2652.824032
947.675462	2650.457211
947.976893	2644.664925
948.278286	2644.100316
948.579641	2637.564460
948.880958	2636.989768
949.182236	2635.719397
949.483476	2633.463481
949.784678	2632.964407
950.085841	2632.956845
950.386967	2635.338790
950.688054	2641.294914
950.989103	2649.421254
951.290114	2656.922491
951.591087	2671.756086
951.892021	2682.080369
952.192917	2693.594364
952.493776	2707.054245
952.794596	2709.141283
953.095378	2714.046325
953.396122	2709.658001
953.696828	2706.817311
953.997496	2701.819007
954.298126	2690.032789
954.598718	2682.178671
954.899272	2672.882784
955.199788	2662.664365
955.500266	2649.829587
955.800706	2635.275776
956.101108	2618.035030
956.401472	2607.055397
956.701798	2590.245669
957.002087	2579.381983
957.302337	2570.471743
957.602550	2559.040927
957.902724	2545.563402
958.202861	2533.908254
958.502960	2527.415248
958.803022	2517.403517
959.103045	2511.008813
959.403031	2502.554798
959.702979	2500.175373
960.002889	2497.541371
960.302762	2489.704897
960.602596	2487.186841
960.902393	2483.973105
961.202153	2481.555872
961.501875	2475.216621
961.801559	2476.073617
962.101205	2471.395426
962.400814	2471.007257
962.700385	2468.693368
962.999918	2467.256639
963.299414	2464.783953
963.598873	2465.025928
963.898293	2464.957873
964.197677	2459.710032
964.497022	2459.279013
964.796331	2461.418983
965.095601	2458.719445
965.394835	2456.599640
965.694030	2456.602160
965.993189	2455.916563
966.292309	2453.446398
966.591393	2455.483024
966.890439	2453.847170
967.189447	2453.012859
967.488419	2454.888168
967.787353	2455.724999
968.086249	2456.455967
968.385108	2457.854887
968.683930	2459.208437
968.982714	2458.963941
969.281462	2461.464353
969.580172	2461.519806
969.878844	2462.747327
970.177480	2466.341669
970.476078	2468.859726
970.774639	2470.500621
971.073162	2475.927423
971.371649	2473.442135
971.670098	2475.299800
971.968510	2476.313072
972.266885	2477.286014
972.565223	2482.395224
972.863524	2483.300111
973.161788	2486.614670
973.460014	2484.399083
973.758204	2488.333703
974.056356	2486.967550
974.354471	2485.004021
974.652550	2487.511995
974.950591	2487.242293
975.248595	2485.293887
975.546563	2484.832622
975.844493	2484.593167
976.142386	2483.864720
976.440243	2480.608135
976.738062	2481.001345
977.035845	2474.717547
977.333590	2472.817032
977.631299	2469.809983
977.928971	2471.017340
978.226606	2465.315795
978.524204	2465.519961
978.821765	2466.326546
979.119290	2461.431586
979.416777	2464.388222
979.714228	2463.750516
980.011642	2464.940229
980.309020	2471.488687
980.606360	2474.218472
980.903664	2485.031747
981.200931	2497.054899
981.498162	2512.261540
981.795356	2545.649102
982.092513	2582.071438
982.389633	2630.602626
982.686717	2671.249450
982.983764	2705.859492
983.280775	2723.793396
983.577749	2722.734754
983.874686	2715.737633
984.171587	2700.152905
984.468451	2681.616583
984.765279	2664.249808
985.062070	2643.949081
985.358824	2627.461987
985.655543	2604.675972
985.952224	2576.919379
986.248869	2552.018600
986.545478	2524.272089
986.842050	2505.864316
987.138586	2486.113075
987.435086	2469.885601
987.731549	2459.158025
988.027975	2457.615432
988.324366	2449.897426
988.620719	2445.768721
988.917037	2441.647577
989.213318	2438.537185
989.509563	2436.341763
989.805772	2431.489652
990.101944	2435.557863
990.398080	2433.266659
990.694180	2431.063675
990.990244	2434.552153
991.286271	2431.915630
991.582262	2432.815476
991.878217	2434.834458
992.174136	2433.841351
992.470019	2437.702874
992.765865	2436.200611
993.061676	2442.244954
993.357450	2440.578853
993.653188	2444.952054
993.948890	2451.359360
994.244556	2458.434620
994.540186	2466.318984
994.835780	2478.095120
995.131337	2495.194713
995.426859	2509.826662
995.722345	2531.291896
996.017795	2546.518701
996.313208	2563.608212
996.608586	2572.778071
996.903928	2577.289904
997.199234	2574.509708
997.494504	2572.634398
997.789738	2565.150805
998.084936	2556.033879
998.380099	2541.724563
998.675225	2530.518078
998.970316	2519.929135
999.265371	2505.256857
999.560390	2488.747078
999.855373	2478.954636
1000.150320	2469.197483
1000.445232	2459.185752
1000.740108	2451.639144
1001.034948	2445.128494
1001.329752	2441.035077
1001.624521	2437.902000
1001.919254	2428.447316
1002.213951	2430.640218
1002.508613	2425.399938
1002.803239	2424.545463
1003.097829	2418.238979
1003.392384	2419.743764
1003.686903	2420.749474
1003.981386	2417.654206
1004.275834	2419.103537
1004.570246	2419.390883
1004.864623	2415.405851
1005.158964	2418.110430
1005.453270	2415.877199
1005.747540	2413.825449
1006.041775	2415.478948
1006.335974	2414.193453
1006.630138	2414.410223
1006.924266	2413.880902
1007.218359	2412.678587
1007.512416	2412.996179
1007.806438	2412.466858
1008.100425	2413.563309
1008.394376	2410.886457
1008.688292	2411.748494
1008.982172	2409.913514
1009.276017	2413.462486
1009.569827	2410.730181
1009.863602	2410.563823
1010.157341	2409.802608
1010.451045	2412.262692
1010.744714	2406.309089
1011.038347	2408.837227
1011.331945	2408.890160
1011.625508	2409.525345
1011.919036	2409.696744
1012.212528	2408.897721
1012.505986	2407.191291
1012.799408	2408.875036
1013.092795	2406.369583
1013.386147	2408.633061
1013.679464	2409.210273
1013.972745	2408.852351
1014.265992	2407.274470
1014.559204	2410.309244
1014.852380	2409.225396
1015.145521	2405.358831
1015.438628	2405.653739
1015.731699	2407.372772
1016.024736	2405.290776
1016.317737	2407.670200
1016.610703	2411.703123
1016.903635	2405.139541
1017.196531	2405.225241
1017.489393	2406.215828
1017.782219	2405.931002
1018.075011	2411.234296
1018.367768	2409.139697
1018.660490	2411.418298
1018.953177	2411.418298
1019.245829	2411.418298
