Dividing Wavelength (nm)	Counts (n)	Blue Motor Position (mm): 3.600000	Red Motor Position (mm): 0.000000	
326.493990	1978.085755
326.888308	1978.085755
327.282561	1978.085755
327.676750	1955.284616
328.070874	1955.793772
328.464933	1963.536985
328.858929	1971.817080
329.252859	1987.386684
329.646726	1998.610813
330.040528	2013.840138
330.434265	2032.759589
330.827938	2049.924718
331.221547	2071.147975
331.615091	2092.837540
332.008571	2113.841507
332.401986	2134.709364
332.795338	2153.762405
333.188625	2173.790909
333.581847	2196.075329
333.975006	2210.286342
334.368100	2228.376523
334.761129	2246.691035
335.154095	2262.348858
335.546996	2276.685900
335.939833	2287.310132
336.332606	2297.652059
336.725315	2315.074287
337.117960	2320.695173
337.510540	2324.196254
337.903056	2335.722853
338.295508	2343.710561
338.687896	2350.180882
339.080220	2355.214474
339.472480	2360.938704
339.864676	2365.783253
340.256807	2368.492873
340.648875	2370.295086
341.040879	2371.578059
341.432818	2372.344315
341.824694	2372.180477
342.216506	2372.639222
342.608253	2370.983203
342.999937	2371.550333
343.391557	2368.815507
343.783113	2367.474560
344.174605	2366.105887
344.566033	2364.228057
344.957397	2366.927595
345.348697	2362.511544
345.739934	2359.907788
346.131106	2358.748323
346.522215	2358.680267
346.913260	2357.397294
347.304241	2353.818074
347.695159	2353.303877
348.086012	2351.922601
348.476802	2351.385718
348.867528	2349.409585
349.258191	2348.910511
349.648789	2345.853051
350.039324	2344.494460
350.429796	2347.962774
350.820203	2342.863647
351.210548	2342.604028
351.600828	2340.683348
351.991045	2343.241734
352.381198	2341.626044
352.771288	2344.439008
353.161314	2341.399192
353.551276	2341.608400
353.941175	2342.775427
354.331010	2344.232320
354.720782	2342.566219
355.110490	2341.207628
355.500135	2341.868019
355.889717	2344.045798
356.279235	2345.243072
356.668689	2344.474296
357.058080	2342.369614
357.447408	2342.682166
357.836672	2338.432473
358.225873	2342.924141
358.615010	2341.353822
359.004084	2346.778103
359.393095	2348.839935
359.782043	2349.167610
360.170927	2346.778103
360.559748	2348.290449
360.948505	2346.647033
361.337199	2349.167610
361.725830	2347.965295
362.114398	2350.914370
362.502903	2347.378000
362.891344	2350.725327
363.279722	2351.547035
363.668037	2350.538804
364.056289	2349.545697
364.444478	2356.595750
364.832603	2353.137519
365.220665	2352.565348
365.608665	2350.853876
365.996601	2352.787158
366.384474	2352.517457
366.772284	2355.897550
367.160031	2355.990812
367.547715	2354.574248
367.935336	2355.713548
368.322893	2353.538290
368.710388	2351.395800
369.097820	2358.150946
369.485189	2357.172962
369.872495	2355.322859
370.259738	2356.121882
370.646918	2356.676409
371.034035	2358.513909
371.421090	2357.351923
371.808081	2358.763446
372.195010	2359.083560
372.581875	2356.028620
372.968678	2358.425689
373.355418	2356.852849
373.742096	2357.656913
374.128710	2357.026769
374.515262	2359.398632
374.901751	2356.686491
375.288177	2358.284537
375.674540	2356.752026
376.060841	2359.234794
376.447079	2356.636079
376.833254	2358.551718
377.219367	2354.513754
377.605417	2358.294619
377.991404	2355.635410
378.377329	2359.073477
378.763191	2357.467870
379.148991	2361.909126
379.534727	2360.560618
379.920402	2361.684795
380.306013	2361.755371
380.691563	2363.318129
381.077049	2359.519619
381.462474	2362.294775
381.847835	2362.166225
382.233134	2361.377285
382.618371	2363.083715
383.003545	2360.611029
383.388657	2363.658407
383.773706	2362.246884
384.158693	2364.220495
384.543618	2363.698736
384.928480	2362.642614
385.313280	2365.349714
385.698017	2363.728983
386.082692	2365.390043
386.467305	2368.311392
386.851856	2364.122193
387.236344	2363.923067
387.620770	2368.654190
388.005133	2364.230578
388.389435	2368.351721
388.773674	2363.431555
389.157851	2367.391381
389.541965	2367.449354
389.926018	2367.673686
390.310008	2366.819210
390.693936	2367.555219
391.077802	2365.695033
391.461606	2366.546988
391.845348	2366.068078
392.229027	2369.448172
392.612645	2366.917513
392.996200	2366.746113
393.379694	2369.707791
393.763125	2369.362472
394.146494	2370.940353
394.529801	2366.922554
394.913047	2368.296268
395.296230	2370.456403
395.679351	2370.542102
396.062410	2368.949098
396.445408	2369.879191
396.828343	2370.549664
397.211217	2368.918851
397.594028	2367.613192
397.976778	2368.379447
398.359466	2369.511186
398.742092	2364.102028
399.124656	2371.872967
399.507158	2371.386496
399.889598	2373.531507
400.271977	2368.409694
400.654294	2372.273739
401.036549	2372.737525
401.418742	2370.504294
401.800874	2372.051928
402.182944	2372.009078
402.564952	2375.810108
402.946898	2374.441435
403.328783	2372.404809
403.710606	2372.750128
404.092367	2372.442617
404.474067	2372.389685
404.855705	2373.407998
405.237282	2373.478574
405.618797	2372.119983
406.000250	2376.241127
406.381642	2373.508821
406.762972	2373.619727
407.144240	2372.495549
407.525447	2374.968235
407.906593	2374.454038
408.287677	2372.742566
408.668700	2373.218955
409.049661	2373.395395
409.430560	2376.533514
409.811399	2373.085364
410.192176	2375.255581
410.572891	2373.443286
410.953545	2375.968904
411.334138	2375.689120
411.714669	2377.445962
412.095139	2373.793647
412.475547	2375.454707
412.855894	2376.818339
413.236180	2378.434029
413.616405	2380.178268
413.996568	2376.619213
414.376670	2380.427805
414.756711	2378.335726
415.136691	2379.759852
415.516609	2377.594677
415.896466	2378.776827
416.276262	2378.575181
416.655997	2374.524614
417.035670	2374.600231
417.415283	2374.912783
417.794834	2373.284490
418.174324	2378.066024
418.553753	2380.130377
418.933121	2377.635006
419.312428	2381.163813
419.691674	2377.539224
420.070859	2378.819677
420.449983	2381.746067
420.829045	2381.277239
421.208047	2379.785058
421.586988	2381.060470
421.965867	2381.310007
422.344686	2382.330841
422.723444	2381.448639
423.102141	2378.403782
423.480777	2380.508463
423.859352	2380.795809
424.237866	2379.084337
424.616319	2381.491488
424.994712	2381.370501
425.373044	2379.664070
425.751314	2379.527959
426.129524	2379.273381
426.507673	2379.659029
426.885762	2384.848897
427.263789	2383.553320
427.641756	2380.566437
428.019662	2381.768752
428.397508	2382.807230
428.775292	2381.126005
429.153016	2380.243803
429.530679	2380.309338
429.908282	2383.991901
430.285824	2382.824874
430.663305	2380.861344
431.040726	2383.442415
431.418086	2382.547610
431.795385	2385.320245
432.172624	2381.504091
432.549802	2383.039123
432.926920	2385.584905
433.303977	2382.938300
433.680974	2383.144987
434.057910	2383.223125
434.434786	2382.792106
434.811601	2384.531304
435.188355	2383.409648
435.565050	2385.247148
435.941683	2383.734802
436.318257	2381.430995
436.694770	2378.123998
437.071222	2383.941489
437.447614	2379.941334
437.823946	2379.810264
438.200218	2385.607591
438.576429	2385.287477
438.952580	2383.621376
439.328670	2387.490462
439.704700	2385.509288
440.080670	2386.630945
440.456580	2383.399565
440.832429	2386.353681
441.208218	2385.773949
441.583947	2385.975595
441.959616	2384.390152
442.335224	2385.819319
442.710773	2385.463918
443.086261	2387.495503
443.461689	2386.416696
443.837057	2383.865872
444.212365	2387.606408
444.587612	2385.234545
444.962800	2387.061963
445.337927	2388.191182
445.712995	2386.101624
446.088002	2384.221273
446.462949	2384.846376
446.837837	2385.567261
447.212664	2385.327807
447.587431	2388.299567
447.962139	2387.339227
448.336786	2390.989022
448.711374	2388.435678
449.085901	2388.803682
449.460369	2391.230998
449.834776	2388.433157
450.209124	2389.383415
450.583412	2389.990874
450.957640	2389.096069
451.331808	2389.562376
451.705917	2387.573641
452.079965	2388.992725
452.453954	2387.586243
452.827883	2387.256048
453.201752	2388.609598
453.575562	2390.767212
453.949311	2389.885010
454.323001	2388.279402
454.696632	2389.000287
455.070202	2388.811244
455.443713	2388.118085
455.817164	2387.198075
456.190556	2383.621376
456.563888	2388.846532
456.937160	2385.080790
457.310373	2388.370143
457.683526	2391.508261
458.056619	2391.752757
458.429653	2390.605895
458.802628	2388.508775
459.175542	2392.246790
459.548398	2389.711090
459.921194	2388.228991
460.293930	2390.225288
460.666607	2390.792417
461.039224	2389.264948
461.411782	2389.038096
461.784280	2390.323590
462.156719	2390.230329
462.529099	2388.934752
462.901419	2389.978271
463.273680	2390.394166
463.645882	2388.196223
464.018024	2391.117572
464.390106	2389.937942
464.762130	2389.948024
465.134094	2388.720503
465.505999	2390.923487
465.877845	2390.081615
466.249631	2390.240411
466.621358	2390.623539
466.993026	2394.220402
467.364634	2392.854249
467.736184	2391.888868
468.107674	2389.973230
468.479105	2394.497665
468.850477	2392.700494
469.221790	2390.900802
469.593043	2395.473129
469.964238	2393.156718
470.335373	2388.536501
470.706449	2391.727551
471.077467	2390.860473
471.448425	2391.808210
471.819324	2392.640000
472.190164	2394.946328
472.560945	2392.322408
472.931667	2392.392984
473.302330	2394.096894
473.672934	2392.287119
474.043479	2392.569424
474.413965	2390.558004
474.784393	2386.096583
475.154761	2390.726882
475.525070	2386.051212
475.895321	2391.387273
476.265513	2387.049361
476.635645	2392.012377
477.005719	2394.134702
477.375734	2391.306615
477.745691	2392.902140
478.115588	2390.462222
478.485427	2393.227295
478.855207	2392.289640
479.224928	2392.534136
479.594591	2395.979765
479.964194	2397.159395
480.333739	2390.825185
480.703226	2391.326780
481.072653	2392.410628
481.442022	2392.327449
481.811333	2395.405073
482.180584	2392.950031
482.549777	2391.321738
482.918912	2395.440361
483.287988	2393.431461
483.657005	2393.464229
484.025964	2393.315515
484.394864	2393.900289
484.763706	2394.550598
485.132489	2396.383057
485.501213	2397.353479
485.869879	2395.256359
486.238487	2395.669734
486.607036	2393.479352
486.975527	2394.737120
487.343959	2393.756616
487.712333	2394.895917
488.080648	2391.644372
488.448905	2395.571431
488.817104	2394.467418
489.185244	2393.393653
489.553326	2393.877603
489.921350	2392.093035
490.289315	2394.371637
490.657222	2394.117058
491.025070	2394.714435
491.392861	2394.938766
491.760593	2393.449105
492.128267	2395.594116
492.495883	2393.852398
492.863440	2394.979096
493.230939	2395.100083
493.598380	2394.427089
493.965763	2391.825854
494.333088	2393.239898
494.700354	2392.181255
495.067563	2393.776780
495.434713	2391.294012
495.801805	2395.263921
496.168839	2392.347613
496.535815	2396.619991
496.902733	2394.280896
497.269593	2391.649413
497.636395	2394.941287
498.003139	2394.537995
498.369825	2395.142933
498.736453	2396.304919
499.103023	2395.440361
499.469535	2396.093191
499.835989	2393.154198
500.202385	2394.253169
500.568723	2393.557490
500.935003	2394.268293
501.301226	2391.326780
501.667390	2394.331307
502.033497	2394.711914
502.399546	2396.524209
502.765537	2392.685371
503.131470	2395.536143
503.497345	2394.865670
503.863163	2393.960782
504.228923	2395.276524
504.594625	2396.194014
504.960269	2395.082439
505.325856	2398.432286
505.691385	2398.006308
506.056856	2399.503531
506.422270	2395.546225
506.787625	2397.529919
507.152924	2396.761143
507.518164	2395.982285
507.883347	2395.415155
508.248472	2397.751730
508.613540	2395.087480
508.978550	2396.524209
509.343503	2395.538664
509.708398	2396.173849
510.073236	2395.435320
510.438016	2397.880280
510.802738	2397.151833
511.167403	2396.713253
511.532010	2395.218550
511.896561	2396.907337
512.261053	2397.908006
512.625488	2393.123951
512.989866	2392.932387
513.354186	2397.310629
513.718449	2392.801317
514.082655	2398.651576
514.446803	2398.190311
514.810894	2396.642676
515.174927	2398.127296
515.538904	2397.358520
515.902822	2396.067985
516.266684	2395.921791
516.630488	2397.071174
516.994235	2395.601678
517.357925	2396.493962
517.721558	2397.408932
518.085133	2395.591596
518.448651	2399.526216
518.812112	2396.463715
519.175516	2395.175701
519.538863	2396.312481
519.902152	2397.842471
520.265385	2395.384908
520.628560	2395.357182
520.991678	2395.286606
521.354739	2397.600496
521.717743	2396.458674
522.080690	2395.074877
522.443580	2395.684857
522.806413	2398.565877
523.169189	2395.591596
523.531908	2396.831720
523.894569	2396.680485
524.257174	2399.329611
524.619722	2395.536143
524.982213	2397.061092
525.344647	2396.688047
525.707025	2399.251473
526.069345	2395.994888
526.431608	2397.973541
526.793815	2396.481359
527.155964	2397.308109
527.518057	2401.083933
527.880093	2399.284241
528.242072	2397.741648
528.603995	2400.040414
528.965860	2397.754251
529.327669	2397.857594
529.689421	2396.254507
530.051117	2397.008160
530.412755	2399.165774
530.774337	2398.152502
531.135862	2397.998747
531.497331	2397.827347
531.858743	2393.912892
532.220098	2394.359034
532.581396	2393.131513
532.942638	2395.543705
533.303824	2398.868346
533.664953	2399.780795
534.026025	2396.486401
534.387040	2400.083264
534.747999	2400.010167
535.108902	2399.380023
535.469748	2398.359189
535.830537	2397.008160
536.191270	2398.848181
536.551947	2399.347255
536.912567	2398.724673
537.273131	2397.910527
537.633638	2398.152502
537.994089	2397.139230
538.354483	2398.144940
538.714821	2396.229302
539.075103	2395.357182
539.435328	2401.749365
539.795497	2396.861967
540.155609	2400.456309
540.515665	2398.684344
540.875665	2398.674261
541.235609	2396.037738
541.595496	2397.809703
541.955328	2397.401370
542.315102	2398.157543
542.674821	2397.474467
543.034483	2398.076885
543.394090	2399.695095
543.753640	2398.729714
544.113134	2396.945146
544.472571	2399.059910
544.831953	2400.368089
545.191278	2398.833058
545.550548	2398.550753
545.909761	2397.519837
546.268918	2396.395660
546.628019	2399.299364
546.987064	2400.524365
547.346053	2399.150650
547.704986	2398.936401
548.063863	2398.770043
548.422684	2398.470095
548.781449	2397.207286
549.140158	2399.541340
549.498811	2397.635784
549.857408	2398.265928
550.215949	2397.121586
550.574434	2393.875083
550.932864	2398.631412
551.291237	2395.783160
551.649555	2398.102090
552.007817	2401.209962
552.366022	2399.861453
552.724173	2400.174005
553.082267	2400.226937
553.440305	2400.592420
553.798288	2401.519993
554.156215	2400.242060
554.514086	2401.073851
554.871902	2399.639642
555.229661	2399.022101
555.587365	2397.255177
555.945014	2401.010836
556.302606	2396.262069
556.660143	2399.206103
557.017625	2398.676782
557.375050	2398.825496
557.732421	2401.540157
558.089735	2400.824313
558.446994	2397.028325
558.804197	2400.206772
559.161345	2395.795763
559.518437	2397.630743
559.875474	2396.224261
560.232455	2399.019580
560.589381	2401.585528
560.946251	2401.887997
561.303065	2399.054868
561.659825	2399.135527
562.016528	2397.290465
562.373177	2401.129303
562.729770	2400.320198
563.086307	2400.027811
563.442789	2398.573438
563.799216	2397.920609
564.155587	2400.332801
564.511904	2396.201575
564.868164	2399.508572
565.224370	2397.519837
565.580520	2398.626370
565.936615	2399.538819
566.292654	2398.855743
566.648638	2400.292472
567.004567	2398.598644
567.360441	2398.442368
567.716260	2397.724004
568.072023	2399.551422
568.427732	2396.153684
568.783385	2398.306257
569.138982	2394.502707
569.494525	2395.838612
569.850013	2393.267624
570.205445	2399.279200
570.560823	2396.982954
570.916145	2400.511762
571.271412	2399.448078
571.626625	2398.404560
571.981782	2400.983110
572.336884	2399.052348
572.691931	2397.724004
573.046923	2399.851371
573.401860	2400.698285
573.756743	2397.340876
574.111570	2398.051679
574.466342	2400.337842
574.821059	2399.198541
575.175722	2398.717111
575.530330	2397.413973
575.884882	2398.575959
576.239380	2399.034704
576.593823	2398.956566
576.948211	2399.163253
577.302544	2399.077554
577.656823	2398.825496
578.011047	2400.610064
578.365216	2399.337173
578.719330	2399.190980
579.073389	2399.299364
579.427394	2402.014026
579.781344	2400.423542
580.135239	2401.482184
580.489080	2402.301372
580.842866	2402.198028
581.196597	2403.801115
581.550273	2400.602503
581.903895	2397.834909
582.257463	2399.102759
582.610975	2397.691236
582.964434	2399.937070
583.317837	2401.207441
583.671186	2399.732904
584.024481	2398.258366
584.377721	2402.230795
584.730906	2397.902965
585.084037	2398.840619
585.437113	2397.285423
585.790135	2396.811555
586.143103	2397.761812
586.496016	2399.047307
586.848874	2393.897768
587.201679	2398.364230
587.554428	2393.975906
587.907124	2396.811555
588.259765	2394.417007
588.612352	2401.031001
588.964884	2398.838099
589.317362	2397.809703
589.669786	2398.432286
590.022155	2401.015877
590.374470	2401.391443
590.726731	2397.794580
591.078937	2398.482698
591.431090	2399.427914
591.783188	2400.657955
592.135232	2397.522358
592.487222	2399.977400
592.839157	2399.198541
593.191038	2399.362379
593.542866	2397.645866
593.894639	2399.992523
594.246358	2398.921278
594.598022	2397.648387
594.949633	2398.321381
595.301190	2396.695608
595.652692	2398.959087
596.004141	2397.920609
596.355535	2398.124776
596.706876	2401.061248
597.058162	2399.458161
597.409395	2398.003788
597.760573	2401.298182
598.111698	2399.531258
598.462768	2401.280538
598.813785	2399.480846
599.164748	2399.531258
599.515657	2398.475136
599.866511	2397.545043
600.217312	2399.659807
600.568060	2400.862122
600.918753	2401.666186
601.269392	2401.275497
601.619978	2400.030332
601.970510	2401.532596
602.320988	2401.744324
602.671412	2399.173336
603.021783	2399.884138
603.372100	2398.233160
603.722363	2399.405229
604.072572	2399.344735
604.422728	2399.977400
604.772830	2397.502193
605.122878	2394.790052
605.472872	2395.813407
605.822813	2394.485063
606.172701	2397.345917
606.522534	2401.477143
606.872314	2396.499003
607.222041	2397.353479
607.571714	2399.347255
607.921333	2397.716442
608.270899	2401.386402
608.620411	2399.717780
608.969870	2397.842471
609.319276	2399.735424
609.668627	2399.924468
610.017926	2399.236350
610.367171	2399.493449
610.716362	2397.986144
611.065500	2397.217368
611.414585	2402.245919
611.763616	2398.651576
612.112594	2399.639642
612.461518	2397.867677
612.810389	2396.637635
613.159207	2398.192831
613.507971	2399.768192
613.856682	2397.976062
614.205340	2398.679303
614.553945	2400.065620
614.902496	2399.596793
615.250994	2400.126114
615.599439	2401.088974
615.947830	2398.132337
616.296169	2402.460168
616.644454	2400.148799
616.992686	2402.021587
617.340864	2399.286762
617.688990	2400.993192
618.037063	2400.158881
618.385082	2396.451112
618.733048	2401.068809
619.080961	2398.943963
619.428821	2398.938922
619.776628	2400.287431
620.124382	2399.616957
620.472083	2400.171484
620.819731	2400.799108
621.167326	2400.693243
621.514868	2399.390105
621.862357	2399.400187
622.209793	2399.201062
622.557176	2399.198541
622.904506	2397.381205
623.251783	2395.611760
623.599007	2399.133006
623.946179	2394.840464
624.293297	2396.642676
624.640363	2398.553274
624.987376	2399.581669
625.334336	2395.276524
625.681243	2399.198541
626.028097	2396.309960
626.374899	2400.330280
626.721647	2399.135527
627.068343	2398.956566
627.414987	2397.270300
627.761577	2398.805331
628.108115	2398.825496
628.454600	2399.591751
628.801032	2400.161402
629.147412	2400.244581
629.493739	2396.506565
629.840014	2398.565877
630.186236	2397.043448
630.532405	2398.729714
630.878521	2396.887172
631.224585	2398.449930
631.570597	2399.125445
631.916556	2398.386916
632.262462	2400.607544
632.608316	2398.301216
632.954117	2401.373799
633.299866	2396.932543
633.645562	2398.001267
633.991206	2398.694426
634.336797	2400.514283
634.682336	2399.246432
635.027823	2398.318860
635.373257	2400.564694
635.718639	2399.780795
636.063968	2399.072512
636.409245	2400.461350
636.754470	2397.449261
637.099642	2400.199210
637.444762	2399.475805
637.789829	2396.075547
638.134845	2402.321536
638.479808	2398.510424
638.824719	2397.638304
639.169577	2400.554612
639.514383	2394.913561
639.859137	2399.291803
640.203839	2401.608213
640.548489	2400.534447
640.893086	2396.791390
641.237632	2393.376009
641.582125	2397.761813
641.926566	2391.934239
642.270955	2399.362379
642.615292	2397.902965
642.959576	2398.424724
643.303809	2399.594272
643.647990	2398.386916
643.992118	2401.225085
644.336195	2398.971689
644.680219	2398.976731
645.024192	2399.279200
645.368112	2399.450599
645.711981	2397.471946
646.055797	2400.196690
646.399562	2402.356824
646.743274	2397.897924
647.086935	2401.159550
647.430544	2397.224930
647.774101	2397.910527
648.117606	2399.901782
648.461059	2398.984292
648.804460	2402.366907
649.147810	2398.873387
649.491108	2398.976731
649.834354	2397.635784
650.177548	2401.822462
650.520690	2395.946997
650.863781	2398.182749
651.206820	2400.032852
651.549807	2397.534961
651.892742	2398.059241
652.235626	2400.834396
652.578458	2399.206103
652.921238	2397.114024
653.263967	2400.141237
653.606644	2400.567215
653.949269	2398.664179
654.291843	2401.225085
654.634365	2396.070505
654.976836	2401.424211
655.319255	2399.274159
655.661622	2397.973541
656.003938	2398.853222
656.346203	2397.103942
656.688416	2398.046638
657.030577	2395.936915
657.372687	2399.632081
657.714746	2398.172667
658.056753	2398.928840
658.398708	2391.611605
658.740612	2397.794580
659.082465	2396.609909
659.424266	2396.461195
659.766016	2392.077912
660.107715	2398.714591
660.449362	2401.073851
660.790958	2397.282903
661.132503	2394.890875
661.473996	2400.902451
661.815438	2399.745507
662.156829	2401.575445
662.498168	2399.611916
662.839456	2399.427914
663.180693	2399.838768
663.521879	2396.927502
663.863013	2396.753582
664.204097	2397.565207
664.545129	2396.441030
664.886110	2396.718294
665.227040	2398.616288
665.567918	2396.894734
665.908746	2400.229457
666.249522	2399.261556
666.590248	2397.169477
666.930922	2401.283058
667.271545	2400.294992
667.612118	2399.778274
667.952639	2400.224416
668.293109	2398.099570
668.633528	2399.858933
668.973896	2399.226268
669.314213	2399.385064
669.654480	2398.671741
669.994695	2399.654766
670.334859	2399.337173
670.674973	2398.346586
671.015035	2398.694426
671.355047	2398.003788
671.695008	2398.923798
672.034918	2396.108314
672.374777	2397.199724
672.714585	2398.084446
673.054342	2397.834909
673.394049	2399.072512
673.733705	2400.380692
674.073310	2398.467574
674.412864	2398.223078
674.752368	2396.856925
675.091820	2398.739796
675.431223	2398.475136
675.770574	2399.773233
676.109875	2392.637480
676.449125	2394.709394
676.788324	2395.284085
677.127473	2398.452451
677.466571	2393.938097
677.805619	2396.551936
678.144616	2398.013870
678.483562	2396.864487
678.822458	2398.064282
679.161303	2396.788870
679.500098	2396.468757
679.838842	2398.366751
680.177535	2395.705022
680.516179	2399.042266
680.854771	2395.599158
681.193314	2397.101421
681.531805	2397.403891
681.870247	2398.013870
682.208638	2398.757440
682.546978	2399.135527
682.885268	2398.591082
683.223508	2399.677451
683.561697	2399.722821
683.899836	2397.149312
684.237925	2397.091339
684.575963	2400.025291
684.913951	2397.562687
685.251889	2399.344735
685.589776	2398.092008
685.927614	2397.610578
686.265401	2397.542522
686.603137	2399.417832
686.940824	2396.168808
687.278460	2399.664848
687.616046	2399.009498
687.953582	2398.276010
688.291068	2397.224930
688.628504	2397.456823
688.965889	2395.924312
689.303224	2396.660320
689.640510	2400.302554
689.977745	2397.287944
690.314930	2399.087636
690.652065	2398.301216
690.989150	2397.540002
691.326185	2397.577810
691.663170	2396.740979
692.000105	2396.423386
692.336990	2396.110835
692.673825	2394.754764
693.010610	2400.418501
693.347345	2395.105124
693.684030	2395.064795
694.020665	2397.356000
694.357251	2392.713097
694.693786	2398.243243
695.030272	2395.158057
695.366707	2397.683675
695.703093	2397.960938
696.039429	2397.597975
696.375716	2395.906668
696.711952	2398.122255
697.048139	2398.205434
697.384276	2399.576628
697.720363	2397.797101
698.056400	2396.599827
698.392388	2397.169477
698.728326	2400.998233
699.064214	2396.703170
699.400053	2395.805845
699.735842	2396.312481
700.071581	2397.008160
700.407270	2396.738458
700.742910	2398.714591
701.078501	2399.511093
701.414042	2395.493293
701.749533	2396.229302
702.084974	2397.741648
702.420366	2397.003119
702.755709	2398.066802
703.091002	2397.068654
703.426246	2396.604868
703.761440	2395.558828
704.096584	2397.285423
704.431679	2398.538150
704.766725	2397.033366
705.101721	2399.586710
705.436668	2399.475805
705.771565	2397.413973
706.106413	2397.361041
706.441212	2394.928684
706.775961	2395.488252
707.110661	2395.130330
707.445311	2398.442368
707.779913	2396.448592
708.114465	2397.842471
708.448967	2396.360372
708.783421	2398.253325
709.117825	2396.927502
709.452180	2399.448078
709.786485	2395.644528
710.120742	2398.633932
710.454949	2394.590927
710.789107	2396.892213
711.123216	2394.706873
711.457275	2399.327091
711.791286	2394.777449
712.125247	2396.733417
712.459159	2398.180228
712.793023	2399.044786
713.126837	2396.647718
713.460602	2397.408932
713.794318	2397.668551
714.127985	2397.098901
714.461602	2395.432799
714.795171	2396.398180
715.128691	2397.545043
715.462162	2400.279869
715.795584	2399.543860
716.128957	2396.151164
716.462281	2397.413973
716.795556	2397.272821
717.128782	2397.857594
717.461960	2398.618809
717.795088	2396.703170
718.128167	2398.472615
718.461198	2401.036042
718.794180	2395.392470
719.127113	2398.094529
719.459997	2395.561349
719.792833	2397.398849
720.125619	2399.863974
720.458357	2396.705691
720.791046	2396.226781
721.123686	2397.063613
721.456278	2397.817265
721.788821	2396.388098
722.121315	2397.416493
722.453761	2397.650907
722.786158	2399.581669
723.118506	2396.655279
723.450805	2397.792059
723.783056	2397.580331
724.115259	2399.319529
724.447412	2399.117883
724.779518	2397.552605
725.111574	2397.784498
725.443582	2396.322563
725.775542	2396.562018
726.107453	2394.664023
726.439315	2396.685526
726.771129	2404.282545
727.102895	2396.761143
727.434612	2395.732748
727.766281	2396.302398
728.097901	2394.822820
728.429473	2393.098745
728.760996	2393.355844
729.092471	2392.294681
729.423897	2394.411966
729.755276	2396.307440
730.086606	2396.960269
730.417887	2394.875752
730.749120	2396.710732
731.080305	2394.865670
731.411442	2398.588562
731.742530	2393.252500
732.073570	2394.132182
732.404562	2397.262738
732.735506	2396.123437
733.066401	2397.792059
733.397249	2395.677295
733.728048	2397.164436
734.058798	2398.447409
734.389501	2395.440361
734.720156	2396.977913
735.050762	2397.325753
735.381320	2396.597306
735.711831	2395.987326
736.042293	2400.766340
736.372707	2399.133006
736.703073	2396.884652
737.033391	2394.409445
737.363661	2400.564694
737.693883	2396.766185
738.024056	2397.023283
738.354182	2395.926832
738.684260	2397.408932
739.014290	2395.939435
739.344272	2396.728376
739.674207	2395.168139
740.004093	2395.503376
740.333931	2397.078736
740.663722	2395.437841
740.993464	2396.335166
741.323159	2394.457336
741.652806	2396.640156
741.982405	2397.875238
742.311956	2400.917575
742.641460	2398.054199
742.970915	2395.659651
743.300323	2397.081257
743.629683	2395.591596
743.958996	2398.339025
744.288260	2397.965979
744.617477	2393.963303
744.946647	2393.804507
745.275768	2394.192676
745.604842	2394.069167
745.933869	2394.374157
746.262847	2391.634290
746.591778	2399.090157
746.920662	2395.447923
747.249498	2395.785680
747.578286	2395.931874
747.907027	2396.279713
748.235720	2395.667213
748.564365	2394.966493
748.892963	2398.240722
749.221514	2398.346586
749.550017	2394.908519
749.878473	2397.484549
750.206881	2396.264590
750.535242	2397.981103
750.863555	2397.035886
751.191821	2397.182080
751.520039	2392.720659
751.848210	2397.219888
752.176334	2396.829199
752.504411	2395.331976
752.832440	2397.421535
753.160421	2394.432130
753.488356	2394.807696
753.816243	2397.487070
754.144082	2395.193345
754.471875	2397.731566
754.799620	2397.746689
755.127318	2397.108983
755.454969	2396.839281
755.782572	2396.249466
756.110129	2394.502707
756.437638	2397.030845
756.765100	2397.877759
757.092515	2396.967831
757.419882	2397.008160
757.747203	2396.360372
758.074477	2394.447254
758.401703	2399.564025
758.728882	2398.628891
759.056014	2397.524878
759.383099	2395.556308
759.710138	2396.715773
760.037129	2396.680485
760.364073	2398.578479
760.690970	2395.435320
761.017820	2397.305588
761.344623	2394.800135
761.671379	2397.008160
761.998088	2391.919115
762.324751	2392.965155
762.651366	2392.924825
762.977935	2395.062275
763.304456	2391.800648
763.630931	2396.216699
763.957359	2394.265772
764.283740	2395.999929
764.610074	2395.972203
764.936362	2396.604868
765.262602	2398.354148
765.588796	2396.357851
765.914943	2396.746020
766.241044	2395.664692
766.567097	2397.204765
766.893104	2397.514796
767.219064	2396.234343
767.544978	2397.056051
767.870845	2396.040258
768.196665	2392.445916
768.522438	2393.824671
768.848165	2395.652090
769.173846	2394.016235
769.499479	2394.220402
769.825066	2395.969682
770.150607	2399.082595
770.476101	2395.062275
770.801548	2395.621843
771.126949	2393.570093
771.452303	2398.081926
771.777611	2394.933725
772.102872	2395.616802
772.428087	2394.487583
772.753256	2396.899775
773.078378	2395.752913
773.403453	2397.045969
773.728482	2399.301885
774.053465	2395.160577
774.378401	2396.166287
774.703291	2395.150495
775.028135	2393.466749
775.352932	2395.831051
775.677683	2393.943138
776.002388	2395.314332
776.327046	2395.372306
776.651658	2396.435989
776.976224	2396.413304
777.300743	2394.391801
777.625216	2394.921122
777.949643	2396.645197
778.274024	2396.713252
778.598359	2392.652603
778.922647	2389.388456
779.246889	2394.049003
779.571086	2390.933570
779.895236	2396.403222
780.219339	2393.670916
780.543397	2394.222923
780.867409	2396.264590
781.191374	2395.977244
781.515294	2394.122099
781.839167	2397.928171
782.162995	2394.336348
782.486776	2395.281565
782.810511	2396.612429
783.134201	2398.195352
783.457844	2395.208468
783.781441	2398.986813
784.104993	2396.120917
784.428498	2394.772408
784.751958	2394.434651
785.075372	2395.410114
785.398739	2394.631256
785.722061	2395.833571
786.045337	2395.019425
786.368568	2396.587224
786.691752	2395.016904
787.014891	2394.989178
787.337983	2393.554970
787.661030	2395.573952
787.984031	2395.468087
788.306987	2396.294837
788.629897	2395.636966
788.952760	2394.825340
789.275579	2396.078067
789.598351	2395.566390
789.921078	2398.016391
790.243759	2395.226112
790.566395	2394.903478
790.888984	2394.285937
791.211529	2394.585886
791.534027	2394.182593
791.856480	2396.927502
792.178888	2395.178221
792.501249	2393.953221
792.823566	2395.629404
793.145836	2397.272821
793.468062	2395.016904
793.790241	2393.464229
794.112375	2392.788714
794.434464	2396.753582
794.756507	2395.095042
795.078505	2392.773591
795.400457	2394.404404
795.722364	2391.026831
796.044226	2391.137736
796.366042	2393.302912
796.687812	2394.023797
797.009538	2394.734600
797.331218	2395.188303
797.652852	2394.122099
797.974442	2394.275855
798.295986	2393.655793
798.617484	2393.958262
798.938938	2397.356000
799.260346	2395.911709
799.581709	2393.275186
799.903026	2395.563869
800.224299	2393.391132
800.545526	2394.008673
800.866708	2394.313663
801.187845	2394.772408
801.508936	2393.602861
801.829983	2395.296688
802.150984	2393.650752
802.471940	2392.864332
802.792851	2395.284085
803.113717	2394.737120
803.434538	2394.505227
803.755314	2394.132182
804.076045	2392.987840
804.396731	2394.482542
804.717372	2394.772408
805.037967	2392.400545
805.358518	2395.279044
805.679024	2395.276524
805.999485	2394.986657
806.319901	2395.599158
806.640272	2395.962121
806.960598	2392.508930
807.280879	2397.340876
807.601115	2395.321894
807.921306	2392.965155
808.241453	2396.347769
808.561554	2393.008004
808.881611	2394.976575
809.201623	2394.555639
809.521590	2396.168808
809.841513	2394.192676
810.161390	2397.051010
810.481223	2393.562531
810.801011	2393.839795
811.120755	2395.702501
811.440453	2395.095042
811.760107	2393.933056
812.079716	2394.938766
812.399281	2389.809392
812.718801	2391.069681
813.038276	2388.891902
813.357707	2394.822820
813.677093	2393.277706
813.996434	2396.239384
814.315731	2395.236194
814.634983	2396.383057
814.954191	2392.725700
815.273354	2395.415155
815.592473	2396.967831
815.911547	2394.517830
816.230577	2395.518499
816.549562	2391.684702
816.868502	2392.700494
817.187399	2393.963303
817.506250	2395.037069
817.825058	2393.801986
818.143821	2392.922305
818.462539	2395.611760
818.781213	2394.701832
819.099843	2396.173849
819.418429	2392.206461
819.736970	2395.309291
820.055466	2394.006153
820.373919	2395.231153
820.692327	2396.488921
821.010691	2394.101935
821.329011	2396.085629
821.647286	2398.540671
821.965517	2393.953221
822.283704	2397.595454
822.601847	2396.090670
822.919945	2398.099570
823.237999	2396.546894
823.556010	2395.878942
823.873976	2395.160577
824.191897	2395.684857
824.509775	2393.212171
824.827609	2399.027142
825.145398	2395.266441
825.463144	2395.117727
825.780845	2394.656462
826.098502	2394.432130
826.416116	2397.368603
826.733685	2397.726524
827.051210	2393.373488
827.368692	2393.484393
827.686129	2394.185114
828.003522	2395.279044
828.320872	2390.079094
828.638177	2394.452295
828.955439	2386.610780
829.272656	2391.077243
829.589830	2389.844680
829.906960	2393.673437
830.224046	2392.773591
830.541088	2395.949518
830.858086	2395.274003
831.175041	2393.307953
831.491952	2393.469270
831.808819	2394.280896
832.125642	2393.585217
832.442421	2393.766698
832.759157	2395.248797
833.075849	2395.367264
833.392497	2392.640000
833.709101	2396.710732
834.025662	2394.502707
834.342179	2394.066647
834.658653	2393.018087
834.975083	2393.096225
835.291469	2397.862636
835.607811	2396.861967
835.924110	2391.107489
836.240366	2394.467418
836.556578	2395.021945
836.872746	2396.186452
837.188871	2392.503889
837.504952	2394.885834
837.820990	2394.142264
838.136984	2395.097563
838.452935	2394.396842
838.768842	2394.033879
839.084706	2394.169990
839.400526	2392.143447
839.716303	2392.672768
840.032037	2395.437841
840.347727	2393.718807
840.663373	2394.951369
840.978977	2396.360372
841.294537	2394.094373
841.610054	2393.623025
841.925527	2398.444889
842.240957	2395.208468
842.556344	2394.585886
842.871687	2392.584547
843.186987	2393.360885
843.502244	2394.033879
843.817458	2392.458519
844.132629	2391.384753
844.447756	2392.985319
844.762840	2387.553476
845.077881	2391.072201
845.392879	2386.089021
845.707833	2391.742675
846.022745	2389.824516
846.337613	2393.756616
846.652438	2391.402397
846.967221	2394.167470
847.281960	2392.871893
847.596656	2394.290978
847.911309	2394.356513
848.225919	2392.766029
848.540485	2391.687222
848.855009	2393.814589
849.169490	2394.265772
849.483928	2392.335010
849.798323	2390.189999
850.112675	2391.354506
850.426984	2389.091028
850.741251	2391.972047
851.055474	2390.439537
851.369654	2395.435320
851.683792	2393.696122
851.997887	2392.934908
852.311938	2391.896430
852.625947	2393.121430
852.939914	2391.147819
853.253837	2392.738303
853.567718	2391.838457
853.881555	2395.589075
854.195350	2393.527243
854.509103	2391.961965
854.822812	2394.772408
855.136479	2394.346431
855.450103	2393.522202
855.763685	2395.573952
856.077224	2391.641852
856.390720	2390.835267
856.704173	2392.778632
857.017584	2392.302243
857.330953	2392.241749
857.644278	2390.820144
857.957561	2396.551936
858.270802	2395.916750
858.584000	2394.023797
858.897155	2392.697973
859.210268	2393.489435
859.523339	2392.239228
859.836367	2392.871893
860.149352	2393.358365
860.462295	2392.786194
860.775195	2390.227808
861.088054	2390.038765
861.400869	2388.980123
861.713642	2387.324103
862.026373	2390.593292
862.339062	2393.713766
862.651708	2392.188817
862.964312	2393.925494
863.276873	2393.595299
863.589392	2392.745864
863.901869	2391.467932
864.214303	2390.878117
864.526696	2393.738972
864.839045	2392.703015
865.151353	2390.923487
865.463619	2394.827861
865.775842	2393.668396
866.088023	2393.008004
866.400162	2395.324415
866.712258	2393.764178
867.024313	2393.398694
867.336325	2392.841646
867.648296	2392.619836
867.960224	2393.103786
868.272110	2395.621843
868.583954	2392.617315
868.895755	2392.672768
869.207515	2392.612274
869.519233	2392.486245
869.830909	2390.943652
870.142542	2390.028683
870.454134	2392.912223
870.765684	2393.295350
871.077191	2390.928528
871.388657	2392.491286
871.700081	2391.246121
872.011463	2391.735113
872.322803	2392.536657
872.634101	2389.559855
872.945357	2392.594630
873.256571	2393.733931
873.567744	2395.742830
873.878874	2390.134547
874.189963	2393.401214
874.501010	2391.967006
874.812015	2394.560680
875.122979	2392.876934
875.433900	2394.217881
875.744780	2393.597819
876.055618	2390.479866
876.366415	2393.630587
876.677169	2390.893240
876.987882	2393.496996
877.298554	2385.642879
877.609183	2391.248642
877.919771	2387.679505
878.230317	2388.823847
878.540822	2392.544218
878.851285	2389.834598
879.161707	2392.576986
879.472087	2392.670247
879.782425	2392.559342
880.092722	2392.367778
880.402977	2393.396173
880.713191	2391.442726
881.023363	2390.298384
881.333494	2395.954559
881.643583	2392.748385
881.953631	2393.086142
882.263637	2394.384239
882.573602	2394.175032
882.883526	2394.197717
883.193408	2395.402553
883.503248	2390.391646
883.813048	2391.319218
884.122806	2391.006666
884.432522	2392.539177
884.742197	2391.392315
885.051831	2394.598488
885.361424	2391.800648
885.670975	2391.994733
885.980485	2388.793600
886.289954	2392.143447
886.599382	2393.643190
886.908768	2392.156049
887.218113	2389.617828
887.527417	2392.614794
887.836680	2392.282078
888.145901	2392.327449
888.455082	2390.837788
888.764221	2392.864332
889.073319	2388.511295
889.382376	2395.198386
889.691392	2391.183107
890.000366	2391.755278
890.309300	2392.519013
890.618193	2392.894578
890.927044	2390.777294
891.235855	2391.115051
891.544625	2392.977758
891.853353	2394.132182
892.162041	2393.310474
892.470687	2394.878273
892.779293	2392.443395
893.087858	2392.703015
893.396381	2387.959289
893.704864	2390.126985
894.013306	2386.572972
894.321707	2393.242418
894.630068	2393.076060
894.938387	2390.512633
895.246665	2392.040103
895.554903	2390.880638
895.863100	2392.813920
896.171256	2394.265772
896.479371	2392.917264
896.787446	2394.757285
897.095480	2391.823333
897.403473	2391.737634
897.711425	2392.466080
898.019336	2390.895761
898.327207	2391.480535
898.635038	2394.101935
898.942827	2389.010369
899.250576	2392.551780
899.558284	2388.619680
899.865952	2390.986502
900.173579	2389.766543
900.481165	2392.846688
900.788711	2390.237890
901.096216	2390.817623
901.403681	2392.995402
901.711105	2389.242263
902.018489	2390.169835
902.325832	2393.945659
902.633135	2394.389281
902.940397	2389.030534
903.247619	2389.648075
903.554800	2392.488766
903.861941	2389.771584
904.169041	2393.418858
904.476101	2393.073539
904.783121	2391.674619
905.090100	2391.941800
905.397039	2391.616646
905.703938	2392.188817
906.010796	2390.719321
906.317614	2394.454816
906.624391	2393.796945
906.931129	2391.747716
907.237826	2391.460370
907.544483	2391.319218
907.851099	2389.917777
908.157675	2389.726213
908.464211	2391.480535
908.770707	2388.596995
909.077163	2388.344937
909.383578	2386.255379
909.689954	2392.929867
909.996289	2385.622714
910.302584	2393.686040
910.608839	2393.161760
910.915054	2390.686553
911.221229	2390.646224
911.527363	2391.515823
911.833458	2390.374002
912.139513	2391.246121
912.445527	2390.888199
912.751502	2392.337531
913.057436	2391.397356
913.363331	2393.665875
913.669186	2391.533467
913.975000	2391.876265
914.280775	2393.431461
914.586510	2391.624208
914.892205	2392.350134
915.197859	2391.967006
915.503475	2390.399207
915.809050	2392.072870
916.114585	2390.260576
916.420081	2392.292161
916.725536	2389.864845
917.030952	2392.203940
917.336328	2390.832747
917.641665	2390.023641
917.946961	2390.454660
918.252218	2392.887017
918.557435	2392.904661
918.862612	2389.043137
919.167750	2389.706049
919.472848	2392.513971
919.777906	2389.426265
920.082925	2388.866697
920.387904	2391.268806
920.692843	2391.256203
920.997743	2390.628580
921.302603	2388.009700
921.607423	2390.706718
921.912204	2390.583209
922.216946	2391.931718
922.521647	2391.230998
922.826310	2391.576317
923.130932	2391.692263
923.435516	2390.873076
923.740059	2391.556152
924.044564	2389.423744
924.349028	2392.201420
924.653454	2387.399721
924.957840	2387.593805
925.262186	2388.203785
925.566493	2388.811244
925.870761	2386.285626
926.174989	2388.949876
926.479178	2390.610936
926.783328	2390.053888
927.087438	2389.078425
927.391509	2388.962478
927.695541	2390.426934
927.999533	2390.971378
928.303486	2389.340565
928.607400	2389.491800
928.911275	2392.919784
929.215110	2392.133364
929.518906	2390.696635
929.822663	2390.452139
930.126381	2391.745195
930.430060	2392.808879
930.733699	2392.093035
931.037299	2390.371481
931.340861	2386.762015
931.644383	2390.021121
931.947866	2390.530277
932.251309	2391.089845
932.554714	2389.645555
932.858080	2388.841491
933.161407	2390.258055
933.464694	2391.092366
933.767943	2389.358209
934.071153	2390.540360
934.374323	2388.070194
934.677455	2391.339383
934.980548	2390.384084
935.283602	2391.692263
935.586617	2389.927859
935.889593	2390.313508
936.192530	2391.644372
936.495428	2392.811399
936.798287	2388.044988
937.101108	2390.051368
937.403890	2389.176727
937.706632	2391.253683
938.009336	2391.727551
938.312002	2391.518343
938.614628	2389.191851
938.917216	2390.689074
939.219765	2389.015411
939.522275	2389.713610
939.824747	2390.994063
940.127179	2386.008362
940.429573	2386.973743
940.731929	2387.813095
941.034246	2385.204298
941.336524	2392.571945
941.638763	2390.399207
941.940964	2390.719321
942.243126	2392.834085
942.545250	2387.792931
942.847335	2388.859135
943.149381	2388.806203
943.451389	2388.821326
943.753359	2391.851060
944.055290	2388.791079
944.357182	2390.164794
944.659036	2392.967675
944.960851	2389.660678
945.262628	2388.382746
945.564367	2388.811244
945.866067	2389.590102
946.167729	2390.220246
946.469352	2387.356871
946.770937	2392.977758
947.072484	2391.420041
947.373992	2390.868035
947.675462	2392.055226
947.976893	2390.220246
948.278286	2388.569268
948.579641	2391.024310
948.880958	2387.606408
949.182236	2388.544063
949.483476	2389.804351
949.784678	2388.120606
950.085841	2389.713610
950.386967	2390.184958
950.688054	2390.484907
950.989103	2391.616646
951.290114	2389.302756
951.591087	2388.692777
951.892021	2393.703684
952.192917	2391.455329
952.493776	2388.493651
952.794596	2387.457694
953.095378	2389.942983
953.396122	2391.316697
953.696828	2389.532129
953.997496	2393.859959
954.298126	2389.728734
954.598718	2390.293343
954.899272	2387.767725
955.199788	2388.133209
955.500266	2389.297715
955.800706	2387.530791
956.101108	2387.112375
956.401472	2387.964330
956.701798	2385.332848
957.002087	2385.577344
957.302337	2390.394166
957.602550	2390.235370
957.902724	2390.253014
958.202861	2390.280740
958.502960	2387.984495
958.803022	2388.468445
959.103045	2389.010369
959.403031	2389.658158
959.702979	2390.832747
960.002889	2392.803838
960.302762	2391.732593
960.602596	2388.241593
960.902393	2394.134702
961.202153	2388.639845
961.501875	2391.233518
961.801559	2390.053888
962.101205	2389.181769
962.400814	2389.925339
962.700385	2388.571789
962.999918	2389.877448
963.299414	2388.770915
963.598873	2390.300905
963.898293	2391.150339
964.197677	2391.178066
964.497022	2389.741337
964.796331	2387.387118
965.095601	2388.743188
965.394835	2389.637993
965.694030	2390.389125
965.993189	2392.476163
966.292309	2388.523898
966.591393	2389.600184
966.890439	2387.992056
967.189447	2390.505072
967.488419	2390.222767
967.787353	2390.769732
968.086249	2387.755122
968.385108	2386.777138
968.683930	2389.685884
968.982714	2389.282592
969.281462	2388.977602
969.580172	2389.612787
969.878844	2386.905688
970.177480	2390.394166
970.476078	2389.736296
970.774639	2391.268806
971.073162	2389.491800
971.371649	2387.311501
971.670098	2385.741181
971.968510	2384.795965
972.266885	2384.236397
972.565223	2387.503064
972.863524	2390.691594
973.161788	2386.479710
973.460014	2387.780328
973.758204	2388.140770
974.056356	2387.649258
974.354471	2388.397869
974.652550	2389.287633
974.950591	2389.408621
975.248595	2389.582540
975.546563	2388.695297
975.844493	2387.926521
976.142386	2390.729403
976.440243	2388.869217
976.738062	2390.111862
977.035845	2392.135885
977.333590	2391.193189
977.631299	2388.896943
977.928971	2389.678322
978.226606	2391.490617
978.524204	2389.368291
978.821765	2389.829557
979.119290	2388.995246
979.416777	2389.857283
979.714228	2389.527088
980.011642	2388.695297
980.309020	2390.989022
980.606360	2390.424413
980.903664	2389.353168
981.200931	2388.546583
981.498162	2390.288302
981.795356	2388.644886
982.092513	2387.281254
982.389633	2388.962478
982.686717	2390.159753
982.983764	2388.985164
983.280775	2388.859135
983.577749	2389.259907
983.874686	2387.535832
984.171587	2390.253014
984.468451	2390.805020
984.765279	2386.401572
985.062070	2389.302756
985.358824	2389.431306
985.655543	2390.132026
985.952224	2389.537170
986.248869	2389.138919
986.545478	2385.809237
986.842050	2388.223949
987.138586	2385.388300
987.435086	2386.983826
987.731549	2386.343599
988.027975	2391.190668
988.324366	2390.341234
988.620719	2386.688918
988.917037	2389.698487
989.213318	2388.899464
989.509563	2390.368960
989.805772	2388.102962
990.101944	2387.966851
990.398080	2388.138250
990.694180	2388.077756
990.990244	2387.755122
991.286271	2390.394166
991.582262	2389.655637
991.878217	2389.045658
992.174136	2389.547252
992.470019	2389.146481
992.765865	2386.169679
993.061676	2389.867366
993.357450	2389.640514
993.653188	2390.016080
993.948890	2389.249824
994.244556	2390.374002
994.540186	2386.497354
994.835780	2388.342417
995.131337	2388.299567
995.426859	2387.112375
995.722345	2389.975750
996.017795	2389.320400
996.313208	2388.778476
996.608586	2389.007849
996.903928	2386.696480
997.199234	2390.500030
997.494504	2389.895092
997.789738	2389.292674
998.084936	2389.970709
998.380099	2390.096738
998.675225	2389.748898
998.970316	2387.732437
999.265371	2389.212016
999.560390	2388.914587
999.855373	2391.634290
1000.150320	2388.574310
1000.445232	2390.048847
1000.740108	2391.762839
1001.034948	2387.283774
1001.329752	2389.380894
1001.624521	2389.680843
1001.919254	2382.464431
1002.213951	2385.791593
1002.508613	2386.101624
1002.803239	2387.755122
1003.097829	2384.450646
1003.392384	2389.196892
1003.686903	2389.968189
1003.981386	2389.486758
1004.275834	2391.049516
1004.570246	2387.737478
1004.864623	2388.342417
1005.158964	2388.889382
1005.453270	2388.881820
1005.747540	2390.184958
1006.041775	2389.882489
1006.335974	2389.748898
1006.630138	2386.585574
1006.924266	2388.186141
1007.218359	2387.271171
1007.512416	2389.370812
1007.806438	2388.087838
1008.100425	2389.138919
1008.394376	2388.352499
1008.688292	2390.313508
1008.982172	2386.910729
1009.276017	2390.316028
1009.569827	2390.807541
1009.863602	2390.792417
1010.157341	2387.918960
1010.451045	2389.380894
1010.744714	2388.521377
1011.038347	2387.866027
1011.331945	2387.137581
1011.625508	2389.801831
1011.919036	2389.839639
1012.212528	2386.746891
1012.505986	2389.028013
1012.799408	2386.507437
1013.092795	2387.510626
1013.386147	2387.891233
1013.679464	2388.067674
1013.972745	2388.334855
1014.265992	2389.206974
1014.559204	2389.887530
1014.852380	2389.063302
1015.145521	2390.951214
1015.438628	2386.462066
1015.731699	2387.780328
1016.024736	2389.007849
1016.317737	2389.547252
1016.610703	2389.937942
1016.903635	2386.850235
1017.196531	2385.022817
1017.489393	2388.244114
1017.782219	2385.151366
1018.075011	2388.226470
1018.367768	2387.321583
1018.660490	2387.800492
1018.953177	2387.800492
1019.245829	2387.800492
