Dividing Wavelength (nm)	Counts (n)	Blue Motor Position (mm): 0.600000	Red Motor Position (mm): 0.000000	
326.493990	1979.015848
326.888308	1979.015848
327.282561	1979.015848
327.676750	1955.057764
328.070874	1956.411314
328.464933	1960.948352
328.858929	1971.078551
329.252859	1986.025572
329.646726	1999.102325
330.040528	2014.538338
330.434265	2035.005423
330.827938	2048.926569
331.221547	2073.620661
331.615091	2093.601275
332.008571	2115.263113
332.401986	2134.048973
332.795338	2152.686118
333.188625	2177.065138
333.581847	2191.694567
333.975006	2212.209542
334.368100	2230.599672
334.761129	2245.191291
335.154095	2259.767788
335.546996	2275.244130
335.939833	2286.687549
336.332606	2301.561474
336.725315	2313.042702
337.117960	2321.693322
337.510540	2326.326142
337.903056	2337.812411
338.295508	2342.359532
338.687896	2349.757425
339.080220	2357.440143
339.472480	2360.437109
339.864676	2363.786956
340.256807	2369.642256
340.648875	2370.950436
341.040879	2375.880684
341.432818	2376.296579
341.824694	2375.651312
342.216506	2373.682741
342.608253	2372.576208
342.999937	2371.557895
343.391557	2370.562267
343.783113	2370.617720
344.174605	2369.997658
344.566033	2370.171578
344.957397	2366.068078
345.348697	2362.345186
345.739934	2364.578417
346.131106	2362.130937
346.522215	2360.104393
346.913260	2357.467870
347.304241	2353.160204
347.695159	2352.346058
348.086012	2349.026458
348.476802	2350.690038
348.867528	2350.122909
349.258191	2347.451097
349.648789	2349.379338
350.039324	2344.680983
350.429796	2345.147290
350.820203	2343.934892
351.210548	2341.479850
351.600828	2341.116887
351.991045	2341.192505
352.381198	2341.517659
352.771288	2343.917248
353.161314	2341.764676
353.551276	2344.315499
353.941175	2341.928513
354.331010	2342.052021
354.720782	2342.024295
355.110490	2344.118894
355.500135	2342.470437
355.889717	2341.003461
356.279235	2345.099399
356.668689	2346.518484
357.058080	2343.183760
357.447408	2343.027485
357.836672	2342.258709
358.225873	2340.184274
358.615010	2339.964984
359.004084	2344.559995
359.393095	2346.016889
359.782043	2345.870695
360.170927	2347.567044
360.559748	2347.473782
360.948505	2350.374966
361.337199	2349.906139
361.725830	2347.541838
362.114398	2349.248268
362.502903	2349.301201
362.891344	2352.020903
363.279722	2351.368074
363.668037	2349.467559
364.056289	2351.410923
364.444478	2352.149452
364.832603	2351.181551
365.220665	2354.344875
365.608665	2351.509226
365.996601	2353.850842
366.384474	2352.509895
366.772284	2356.124402
367.160031	2351.534432
367.547715	2355.123733
367.935336	2354.460822
368.322893	2352.431757
368.710388	2355.567355
369.097820	2355.332941
369.485189	2355.678260
369.872495	2358.539115
370.259738	2355.032993
370.646918	2356.772191
371.034035	2358.453415
371.421090	2357.427541
371.808081	2359.237315
372.195010	2356.956193
372.581875	2357.359485
372.968678	2358.276975
373.355418	2357.379650
373.742096	2358.191275
374.128710	2359.975844
374.515262	2356.721779
374.901751	2357.707325
375.288177	2360.225381
375.674540	2359.741430
376.060841	2361.949456
376.447079	2358.024917
376.833254	2358.503827
377.219367	2352.696418
377.605417	2360.348889
377.991404	2357.087263
378.377329	2358.647500
378.763191	2358.007273
379.148991	2364.805269
379.534727	2361.175638
379.920402	2361.987264
380.306013	2363.872656
380.691563	2362.874507
381.077049	2364.273427
381.462474	2362.277131
381.847835	2361.639425
382.233134	2364.074302
382.618371	2364.331401
383.003545	2363.713859
383.388657	2363.081195
383.773706	2361.783098
384.158693	2364.270907
384.543618	2367.620754
384.928480	2363.638242
385.313280	2362.156143
385.698017	2364.888448
386.082692	2362.526668
386.467305	2364.865763
386.851856	2364.661596
387.236344	2365.201000
387.620770	2365.959693
388.005133	2365.054806
388.389435	2366.597399
388.773674	2366.191587
389.157851	2368.712163
389.541965	2367.182173
389.926018	2368.860878
390.310008	2365.022039
390.693936	2365.251411
391.077802	2367.872811
391.461606	2368.109746
391.845348	2367.557739
392.229027	2369.682586
392.612645	2365.553881
392.996200	2368.654190
393.379694	2368.717205
393.763125	2371.114273
394.146494	2368.933974
394.529801	2368.069416
394.913047	2369.218799
395.296230	2369.760723
395.679351	2367.761906
396.062410	2370.723584
396.445408	2370.713502
396.828343	2368.732328
397.211217	2365.848788
397.594028	2367.736700
397.976778	2366.725949
398.359466	2370.020343
398.742092	2367.789632
399.124656	2372.598893
399.507158	2371.797350
399.889598	2371.104191
400.271977	2372.949253
400.654294	2373.849099
401.036549	2372.523276
401.418742	2375.308513
401.800874	2371.220138
402.182944	2372.452700
402.564952	2372.853471
402.946898	2373.846579
403.328783	2373.400437
403.710606	2372.961856
404.092367	2372.765251
404.474067	2374.305324
404.855705	2372.916486
405.237282	2375.147196
405.618797	2373.889428
406.000250	2373.140817
406.381642	2375.114429
406.762972	2376.518390
407.144240	2374.517052
407.525447	2374.776672
407.906593	2371.366331
408.287677	2375.999151
408.668700	2374.799357
409.049661	2373.702906
409.430560	2375.676518
409.811399	2377.146014
410.192176	2377.103164
410.572891	2375.265663
410.953545	2375.860520
411.334138	2376.465458
411.714669	2374.680890
412.095139	2377.350181
412.475547	2376.861189
412.855894	2378.645757
413.236180	2378.345808
413.616405	2376.533514
413.996568	2375.066538
414.376670	2376.437732
414.756711	2378.343288
415.136691	2380.319420
415.516609	2379.298587
415.896466	2378.996117
416.276262	2380.624410
416.655997	2376.122660
417.035670	2373.090406
417.415283	2380.274050
417.794834	2372.387165
418.174324	2380.984853
418.553753	2379.885881
418.933121	2381.352857
419.312428	2379.464945
419.691674	2379.149873
420.070859	2380.528628
420.449983	2382.295552
420.829045	2377.929913
421.208047	2381.715820
421.586988	2379.109543
421.965867	2378.784389
422.344686	2384.128012
422.723444	2381.519215
423.102141	2380.669780
423.480777	2378.824718
423.859352	2381.554503
424.237866	2382.587939
424.616319	2381.282281
424.994712	2380.861344
425.373044	2381.574668
425.751314	2382.114071
426.129524	2383.704555
426.507673	2382.600542
426.885762	2382.338402
427.263789	2382.255223
427.641756	2382.794627
428.019662	2382.575337
428.397508	2383.954092
428.775292	2382.406458
429.153016	2381.894781
429.530679	2381.090717
429.908282	2381.496530
430.285824	2383.298742
430.663305	2381.292363
431.040726	2384.737992
431.418086	2386.240255
431.795385	2385.947868
432.172624	2384.259082
432.549802	2382.940820
432.926920	2381.438556
433.303977	2382.557693
433.680974	2382.499719
434.057910	2383.336551
434.434786	2381.859493
434.811601	2385.234545
435.188355	2384.705224
435.565050	2384.407796
435.941683	2384.614483
436.318257	2381.955275
436.694770	2381.315048
437.071222	2382.091386
437.447614	2381.768752
437.823946	2382.776983
438.200218	2386.111706
438.576429	2385.526932
438.952580	2383.437374
439.328670	2388.050030
439.704700	2386.449463
440.080670	2382.789586
440.456580	2384.632127
440.832429	2384.579195
441.208218	2384.473331
441.583947	2387.230842
441.959616	2383.712117
442.335224	2387.891233
442.710773	2384.846376
443.086261	2385.799154
443.461689	2385.284957
443.837057	2388.531460
444.212365	2386.149515
444.587612	2388.042468
444.962800	2387.271171
445.337927	2388.733106
445.712995	2388.216388
446.088002	2386.608260
446.462949	2387.860986
446.837837	2388.435678
447.212664	2386.623383
447.587431	2388.420554
447.962139	2389.421223
448.336786	2388.465925
448.711374	2387.903836
449.085901	2387.389638
449.460369	2389.224618
449.834776	2389.242263
450.209124	2386.578013
450.583412	2387.293857
450.957640	2387.157745
451.331808	2388.891902
451.705917	2386.583054
452.079965	2389.002808
452.453954	2386.116747
452.827883	2389.012890
453.201752	2390.101779
453.575562	2389.902654
453.949311	2388.123126
454.323001	2387.966851
454.696632	2387.671943
455.070202	2390.588251
455.443713	2388.821326
455.817164	2387.167828
456.190556	2384.942158
456.563888	2387.276213
456.937160	2384.140615
457.310373	2389.809392
457.683526	2389.111193
458.056619	2389.796789
458.429653	2389.295195
458.802628	2391.876265
459.175542	2389.791748
459.548398	2390.832747
459.921194	2388.397869
460.293930	2389.723693
460.666607	2389.953065
461.039224	2393.514640
461.411782	2389.915257
461.784280	2389.043137
462.156719	2390.749567
462.529099	2390.668909
462.901419	2392.881976
463.273680	2393.630587
463.645882	2392.145967
464.018024	2392.950031
464.390106	2393.368447
464.762130	2394.727038
465.134094	2394.898437
465.505999	2391.535987
465.877845	2390.353837
466.249631	2391.800648
466.621358	2390.253014
466.993026	2395.498334
467.364634	2394.144785
467.736184	2393.328118
468.107674	2394.164949
468.479105	2392.685371
468.850477	2391.052037
469.221790	2392.894578
469.593043	2390.797458
469.964238	2391.485576
470.335373	2391.924156
470.706449	2391.767881
471.077467	2392.372819
471.448425	2392.640000
471.819324	2393.166801
472.190164	2393.617984
472.560945	2390.913405
472.931667	2391.064640
473.302330	2392.428272
473.672934	2395.251318
474.043479	2391.117572
474.413965	2392.519013
474.784393	2389.212016
475.154761	2388.692777
475.525070	2388.594474
475.895321	2392.425751
476.265513	2388.425596
476.635645	2392.912223
477.005719	2392.549259
477.375734	2394.028838
477.745691	2390.845349
478.115588	2394.245608
478.485427	2391.944321
478.855207	2393.577655
479.224928	2392.098076
479.594591	2393.877603
479.964194	2392.125803
480.333739	2393.030690
480.703226	2394.399363
481.072653	2392.687891
481.442022	2392.849208
481.811333	2395.518499
482.180584	2395.321894
482.549777	2393.958262
482.918912	2392.738303
483.287988	2394.779970
483.657005	2392.856770
484.025964	2395.024466
484.394864	2394.346431
484.763706	2392.881976
485.132489	2392.241749
485.501213	2394.747203
485.869879	2393.076060
486.238487	2395.483211
486.607036	2394.031359
486.975527	2396.100752
487.343959	2396.115876
487.712333	2394.238046
488.080648	2392.461039
488.448905	2394.684188
488.817104	2397.045969
489.185244	2394.938766
489.553326	2394.522871
489.921350	2396.740979
490.289315	2393.814589
490.657222	2397.421535
491.025070	2395.503376
491.392861	2396.930022
491.760593	2394.711914
492.128267	2396.854405
492.495883	2396.428427
492.863440	2394.336348
493.230939	2396.176370
493.598380	2395.563869
493.965763	2391.248642
494.333088	2393.232336
494.700354	2392.803838
495.067563	2394.386760
495.434713	2390.633621
495.801805	2394.684188
496.168839	2397.350958
496.535815	2394.825340
496.902733	2395.979765
497.269593	2394.555639
497.636395	2395.349620
498.003139	2393.965824
498.369825	2393.973385
498.736453	2397.240053
499.103023	2396.486401
499.469535	2395.863818
499.835989	2395.831051
500.202385	2394.306102
500.568723	2396.017573
500.935003	2395.750392
501.301226	2394.303581
501.667390	2395.548746
502.033497	2396.597306
502.399546	2394.411966
502.765537	2394.117058
503.131470	2396.960269
503.497345	2397.393808
503.863163	2395.793242
504.228923	2397.834909
504.594625	2397.514796
504.960269	2396.322563
505.325856	2397.751730
505.691385	2397.270300
506.056856	2396.108314
506.422270	2397.998747
506.787625	2396.332645
507.152924	2397.038407
507.518164	2399.619478
507.883347	2396.622512
508.248472	2396.214178
508.613540	2395.815927
508.978550	2395.959600
509.343503	2396.284754
509.708398	2396.685526
510.073236	2396.554456
510.438016	2394.081770
510.802738	2394.976575
511.167403	2400.194169
511.532010	2397.771895
511.896561	2395.659651
512.261053	2397.509755
512.625488	2393.106307
512.989866	2391.089845
513.354186	2393.623025
513.718449	2394.293499
514.082655	2399.022101
514.446803	2396.004970
514.810894	2396.942625
515.174927	2398.281051
515.538904	2396.587224
515.902822	2398.341545
516.266684	2398.699467
516.630488	2396.204096
516.994235	2399.329611
517.357925	2397.184600
517.721558	2397.071174
518.085133	2397.683675
518.448651	2396.463715
518.812112	2399.458161
519.175516	2398.485218
519.538863	2398.747358
519.902152	2397.076216
520.265385	2396.204096
520.628560	2396.405742
520.991678	2399.032183
521.354739	2397.335835
521.717743	2395.639487
522.080690	2395.800804
522.443580	2400.347924
522.806413	2397.771895
523.169189	2396.443551
523.531908	2395.679816
523.894569	2397.131668
524.257174	2397.290465
524.619722	2397.930691
524.982213	2399.911865
525.344647	2398.074364
525.707025	2397.940773
526.069345	2397.570249
526.431608	2397.880280
526.793815	2398.311298
527.155964	2397.038407
527.518057	2398.283572
527.880093	2399.687533
528.242072	2398.694426
528.603995	2399.632081
528.965860	2398.737276
529.327669	2397.837430
529.689421	2399.609395
530.051117	2398.626370
530.412755	2396.793911
530.774337	2403.541495
531.135862	2400.368089
531.497331	2394.911040
531.858743	2394.472460
532.220098	2395.566390
532.581396	2394.555639
532.942638	2395.694939
533.303824	2397.600496
533.664953	2399.190980
534.026025	2396.597306
534.387040	2400.105949
534.747999	2397.807183
535.108902	2393.925494
535.469748	2400.068140
535.830537	2397.345917
536.191270	2397.045969
536.551947	2399.319529
536.912567	2398.255846
537.273131	2398.550753
537.633638	2398.316339
537.994089	2397.819786
538.354483	2398.822975
538.714821	2398.918757
539.075103	2398.563356
539.435328	2400.529406
539.795497	2397.774415
540.155609	2402.228275
540.515665	2397.131668
540.875665	2401.104098
541.235609	2398.044117
541.595496	2397.691236
541.955328	2398.122255
542.315102	2399.211144
542.674821	2397.303067
543.034483	2399.574107
543.394090	2397.877759
543.753640	2400.297513
544.113134	2396.599827
544.472571	2396.148643
544.831953	2398.442368
545.191278	2399.541340
545.550548	2398.011350
545.909761	2398.573438
546.268918	2398.928840
546.628019	2401.411608
546.987064	2398.744837
547.346053	2399.944632
547.704986	2397.033366
548.063863	2397.844992
548.422684	2399.291803
548.781449	2399.158212
549.140158	2400.748696
549.498811	2402.135013
549.857408	2398.785167
550.215949	2396.340207
550.574434	2392.818961
550.932864	2397.330794
551.291237	2392.680329
551.649555	2398.540671
552.007817	2400.385733
552.366022	2399.095198
552.724173	2400.960425
553.082267	2401.562843
553.440305	2395.750392
553.798288	2400.632750
554.156215	2400.665517
554.514086	2400.105949
554.871902	2399.523696
555.229661	2397.968500
555.587365	2399.783315
555.945014	2399.642163
556.302606	2398.644014
556.660143	2398.089488
557.017625	2399.160733
557.375050	2397.618140
557.732421	2399.725342
558.089735	2398.523027
558.446994	2400.325239
558.804197	2399.581669
559.161345	2401.736762
559.518437	2401.036042
559.875474	2399.155692
560.232455	2397.650907
560.589381	2399.311967
560.946251	2404.557288
561.303065	2400.186607
561.659825	2402.059396
562.016528	2399.498490
562.373177	2399.861453
562.729770	2400.531927
563.086307	2400.501680
563.442789	2397.880280
563.799216	2399.919426
564.155587	2399.155692
564.511904	2398.349107
564.868164	2402.313974
565.224370	2399.208624
565.580520	2398.336504
565.936615	2398.734755
566.292654	2400.047976
566.648638	2399.798439
567.004567	2400.796587
567.360441	2400.360527
567.716260	2397.298026
568.072023	2398.885990
568.427732	2395.647048
568.783385	2400.610064
569.138982	2396.226781
569.494525	2393.867521
569.850013	2394.948849
570.205445	2399.818603
570.560823	2401.540157
570.916145	2398.833058
571.271412	2400.199210
571.626625	2398.623850
571.981782	2399.075033
572.336884	2397.436658
572.691931	2400.395815
573.046923	2399.627039
573.401860	2396.254508
573.756743	2398.817934
574.111570	2399.067471
574.466342	2401.151988
574.821059	2399.553943
575.175722	2400.294992
575.530330	2400.179046
575.884882	2398.782646
576.239380	2398.606206
576.593823	2400.859602
576.948211	2401.109139
577.302544	2400.461350
577.656823	2398.656617
578.011047	2400.423542
578.365216	2398.954045
578.719330	2400.126114
579.073389	2399.158212
579.427394	2400.478994
579.781344	2402.462688
580.135239	2402.860940
580.489080	2399.853891
580.842866	2400.095867
581.196597	2405.575601
581.550273	2400.753737
581.903895	2397.315670
582.257463	2399.390105
582.610975	2399.508572
582.964434	2402.994530
583.317837	2397.804662
583.671186	2399.044786
584.024481	2400.552091
584.377721	2400.269787
584.730906	2400.257184
585.084037	2405.532751
585.437113	2398.318860
585.790135	2399.024622
586.143103	2400.894890
586.496016	2401.174674
586.848874	2396.292316
587.201679	2396.587224
587.554428	2396.793911
587.907124	2398.099570
588.259765	2394.472460
588.612352	2398.825496
588.964884	2397.913047
589.317362	2401.845147
589.669786	2399.072513
590.022155	2400.844478
590.374470	2399.891700
590.726731	2400.347924
591.078937	2398.517986
591.431090	2397.043448
591.783188	2400.438665
592.135232	2399.770712
592.487222	2401.169633
592.839157	2397.784498
593.191038	2400.668038
593.542866	2399.077554
593.894639	2399.513613
594.246358	2403.589386
594.598022	2401.046124
594.949633	2399.571587
595.301190	2396.539333
595.652692	2398.210475
596.004141	2402.566032
596.355535	2402.245919
596.706876	2399.901782
597.058162	2400.907493
597.409395	2398.656617
597.760573	2402.167781
598.111698	2402.142575
598.462768	2399.715260
598.813785	2401.451937
599.164748	2400.783984
599.515657	2398.515465
599.866511	2399.425393
600.217312	2400.418501
600.568060	2401.351114
600.918753	2401.711557
601.269392	2399.185938
601.619978	2399.816083
601.970510	2400.806669
602.320988	2401.714077
602.671412	2400.478994
603.021783	2400.499159
603.372100	2401.305744
603.722363	2401.373799
604.072572	2400.662997
604.422728	2400.615106
604.772830	2399.034704
605.122878	2393.499517
605.472872	2401.139386
605.822813	2392.879455
606.172701	2402.160219
606.522534	2402.185425
606.872314	2400.100908
607.222041	2398.132337
607.571714	2399.800959
607.921333	2399.632081
608.270899	2400.176525
608.620411	2399.828686
608.969870	2400.579817
609.319276	2402.687020
609.668627	2399.712739
610.017926	2397.640825
610.367171	2396.854405
610.716362	2400.426062
611.065500	2400.789025
611.414585	2398.855743
611.763616	2402.112328
612.112594	2399.463202
612.461518	2399.317008
612.810389	2399.795918
613.159207	2398.727193
613.507971	2396.645197
613.856682	2400.607544
614.205340	2398.039076
614.553945	2400.887328
614.902496	2398.923798
615.250994	2400.501680
615.599439	2398.036555
615.947830	2398.195352
616.296169	2402.979407
616.644454	2401.802297
616.992686	2398.223078
617.340864	2398.218037
617.688990	2398.409601
618.037063	2399.992523
618.385082	2399.420352
618.733048	2398.074364
619.080961	2399.190980
619.428821	2398.361710
619.776628	2399.367420
620.124382	2397.232491
620.472083	2400.136196
620.819731	2401.530075
621.167326	2399.866494
621.514868	2399.826165
621.862357	2396.511606
622.209793	2400.640311
622.557176	2399.619478
622.904506	2398.850702
623.251783	2395.790721
623.599007	2397.282903
623.946179	2392.463560
624.293297	2398.076885
624.640363	2395.820968
624.987376	2400.670558
625.334336	2397.537481
625.681243	2399.967317
626.028097	2397.343397
626.374899	2402.676937
626.721647	2399.942112
627.068343	2399.695095
627.414987	2399.450599
627.761577	2403.049983
628.108115	2397.325753
628.454600	2399.009498
628.801032	2396.622512
629.147412	2400.846999
629.493739	2398.336504
629.840014	2399.314488
630.186236	2396.262069
630.532405	2400.486556
630.878521	2401.968655
631.224585	2398.427245
631.570597	2400.471433
631.916556	2400.368089
632.262462	2400.264745
632.608316	2396.010012
632.954117	2399.831206
633.299866	2400.640311
633.645562	2399.412790
633.991206	2401.855229
634.336797	2398.056720
634.682336	2400.569735
635.027823	2397.940773
635.373257	2398.548233
635.718639	2398.071843
636.063968	2398.986813
636.409245	2405.068965
636.754470	2401.351114
637.099642	2400.085784
637.444762	2400.007647
637.789829	2398.926319
638.134845	2400.428583
638.479808	2397.726524
638.824719	2399.102759
639.169577	2398.475136
639.514383	2400.534447
639.859137	2399.783315
640.203839	2398.470095
640.548489	2397.913047
640.893086	2399.465722
641.237632	2395.127810
641.582125	2396.476318
641.926566	2395.538664
642.270955	2398.240722
642.615292	2400.574776
642.959576	2401.991341
643.303809	2403.715415
643.647990	2398.855743
643.992118	2396.874569
644.336195	2395.382388
644.680219	2398.323901
645.024192	2400.415980
645.368112	2396.872049
645.711981	2399.437996
646.055797	2398.386916
646.399562	2401.893038
646.743274	2401.099056
647.086935	2399.685013
647.430544	2398.177708
647.774101	2399.674930
648.117606	2399.180897
648.461059	2400.602503
648.804460	2401.025960
649.147810	2400.027811
649.491108	2398.742317
649.834354	2400.116031
650.177548	2399.357338
650.520690	2401.283058
650.863781	2401.913203
651.206820	2399.846330
651.549807	2400.224416
651.892742	2400.415980
652.235626	2399.460681
652.578458	2399.979920
652.921238	2397.797101
653.263967	2400.179046
653.606644	2399.833727
653.949269	2398.616288
654.291843	2396.415824
654.634365	2399.611916
654.976836	2398.797770
655.319255	2401.144427
655.661622	2397.608057
656.003938	2399.528737
656.346203	2401.711557
656.688416	2400.794067
657.030577	2399.226268
657.372687	2399.869015
657.714746	2399.725342
658.056753	2397.305588
658.398708	2393.809548
658.740612	2397.023283
659.082465	2395.702501
659.424266	2398.651576
659.766016	2395.039589
660.107715	2401.265414
660.449362	2398.427245
660.790958	2400.559653
661.132503	2397.290465
661.473996	2400.872204
661.815438	2396.441030
662.156829	2400.053017
662.498168	2398.575959
662.839456	2399.831206
663.180693	2399.420352
663.521879	2397.471946
663.863013	2400.055537
664.204097	2400.980589
664.545129	2400.506721
664.886110	2399.359858
665.227040	2395.561349
665.567918	2399.105280
665.908746	2399.367420
666.249522	2398.495300
666.590248	2397.638304
666.930922	2398.684344
667.271545	2399.758109
667.612118	2400.196690
667.952639	2394.958931
668.293109	2400.143758
668.633528	2400.287431
668.973896	2399.644683
669.314213	2398.752399
669.654480	2400.017729
669.994695	2397.711401
670.334859	2401.769530
670.674973	2399.158212
671.015035	2398.913716
671.355047	2399.642163
671.695008	2400.791546
672.034918	2399.241391
672.374777	2398.616288
672.714585	2398.575959
673.054342	2398.918757
673.394049	2403.100394
673.733705	2401.036042
674.073310	2397.381205
674.412864	2402.112328
674.752368	2398.210475
675.091820	2400.766340
675.431223	2399.634601
675.770574	2396.879611
676.109875	2393.766698
676.449125	2396.582182
676.788324	2394.114538
677.127473	2397.045969
677.466571	2396.057903
677.805619	2396.924981
678.144616	2399.400187
678.483562	2398.734755
678.822458	2396.640156
679.161303	2396.393139
679.500098	2398.369272
679.838842	2396.662841
680.177535	2399.324570
680.516179	2399.634601
680.854771	2397.827348
681.193314	2396.771226
681.531805	2398.112173
681.870247	2397.971020
682.208638	2396.395660
682.546978	2399.808521
682.885268	2397.696277
683.223508	2396.282234
683.561697	2398.200393
683.899836	2397.867677
684.237925	2397.545043
684.575963	2399.742986
684.913951	2397.991185
685.251889	2397.313150
685.589776	2398.873387
685.927614	2401.182235
686.265401	2399.949673
686.603137	2397.625701
686.940824	2398.729714
687.278460	2396.768705
687.616046	2400.413459
687.953582	2398.898593
688.291068	2394.386760
688.628504	2396.642676
688.965889	2397.376164
689.303224	2401.885476
689.640510	2397.237533
689.977745	2398.674261
690.314930	2400.040414
690.652065	2399.168294
690.989150	2397.950856
691.326185	2399.291803
691.663170	2398.422204
692.000105	2400.567215
692.336990	2398.366751
692.673825	2397.779457
693.010610	2397.721483
693.347345	2395.314332
693.684030	2394.069167
694.020665	2398.190311
694.357251	2392.226626
694.693786	2399.871535
695.030272	2399.049827
695.366707	2398.235681
695.703093	2397.575290
696.039429	2397.290465
696.375716	2398.893552
696.711952	2399.571587
697.048139	2396.272152
697.384276	2396.592265
697.720363	2396.130999
698.056400	2397.713922
698.392388	2399.324570
698.728326	2398.901113
699.064214	2396.740979
699.400053	2396.735938
699.735842	2397.131668
700.071581	2400.146278
700.407270	2398.386916
700.742910	2398.729714
701.078501	2397.275341
701.414042	2398.202913
701.749533	2396.647718
702.084974	2397.325753
702.420366	2397.499672
702.755709	2397.557646
703.091002	2398.255846
703.426246	2397.744168
703.761440	2397.252656
704.096584	2397.053530
704.431679	2396.821637
704.766725	2399.591751
705.101721	2397.988664
705.436668	2396.846843
705.771565	2397.124107
706.106413	2397.847512
706.441212	2397.971020
706.775961	2399.768192
707.110661	2397.471946
707.445311	2396.234343
707.779913	2396.965310
708.114465	2397.754251
708.448967	2398.018911
708.783421	2396.718294
709.117825	2397.260218
709.452180	2397.139230
709.786485	2396.057902
710.120742	2400.736093
710.454949	2397.514796
710.789107	2394.464898
711.123216	2391.238559
711.457275	2393.451626
711.791286	2395.858777
712.125247	2396.176370
712.459159	2397.272821
712.793023	2397.703839
713.126837	2396.516648
713.460602	2398.581000
713.794318	2397.608057
714.127985	2395.195865
714.461602	2396.259549
714.795171	2399.662327
715.128691	2398.550753
715.462162	2396.962790
715.795584	2399.135527
716.128957	2396.791390
716.462281	2397.260218
716.795556	2398.492780
717.128782	2397.285423
717.461960	2399.203582
717.795088	2396.022614
718.128167	2400.466392
718.461198	2396.166287
718.794180	2397.925650
719.127113	2396.940104
719.459997	2397.973541
719.792833	2395.243756
720.125619	2397.391288
720.458357	2398.180228
720.791046	2398.533109
721.123686	2397.335835
721.456278	2399.780795
721.788821	2396.718294
722.121315	2398.074364
722.453761	2398.563356
722.786158	2396.693088
723.118506	2400.509241
723.450805	2395.652090
723.783056	2398.051679
724.115259	2397.605537
724.447412	2395.349620
724.779518	2398.770043
725.111574	2398.954045
725.443582	2399.826165
725.775542	2396.970351
726.107453	2396.879611
726.439315	2398.573438
726.771129	2402.676938
727.102895	2397.179559
727.434612	2400.146278
727.766281	2397.562687
728.097901	2396.219219
728.429473	2394.437172
728.760996	2393.330638
729.092471	2389.824516
729.423897	2397.701319
729.755276	2399.889179
730.086606	2397.103942
730.417887	2396.453633
730.749120	2398.724673
731.080305	2395.397511
731.411442	2397.915568
731.742530	2397.633263
732.073570	2398.104611
732.404562	2396.874569
732.735506	2397.229971
733.066401	2395.798283
733.397249	2399.299364
733.728048	2396.425907
734.058798	2394.270813
734.389501	2397.338356
734.720156	2398.822975
735.050762	2397.933212
735.381320	2396.839281
735.711831	2395.735269
736.042293	2397.933212
736.372707	2396.990516
736.703073	2395.447923
737.033391	2398.006308
737.363661	2395.495814
737.693883	2399.455640
738.024056	2397.219888
738.354182	2397.040928
738.684260	2397.441699
739.014290	2394.742161
739.344272	2397.038407
739.674207	2398.901113
740.004093	2397.028325
740.333931	2394.379198
740.663722	2394.689229
740.993464	2397.630743
741.323159	2397.441699
741.652806	2395.309291
741.982405	2396.718294
742.311956	2396.718294
742.641460	2397.114024
742.970915	2395.034548
743.300323	2395.591596
743.629683	2397.779457
743.958996	2398.848181
744.288260	2395.407594
744.617477	2397.086298
744.946647	2391.493138
745.275768	2393.746533
745.604842	2391.117572
745.933869	2395.054713
746.262847	2390.472304
746.591778	2398.028994
746.920662	2395.810886
747.249498	2397.434138
747.578286	2393.870042
747.907027	2397.232491
748.235720	2395.599158
748.564365	2395.624363
748.892963	2395.722666
749.221514	2396.100752
749.550017	2394.721997
749.878473	2396.811555
750.206881	2395.894065
750.535242	2396.597306
750.863555	2395.858777
751.191821	2398.941442
751.520039	2395.715104
751.848210	2394.429610
752.176334	2396.957748
752.504411	2397.267779
752.832440	2397.497152
753.160421	2398.099570
753.488356	2395.210989
753.816243	2398.586041
754.144082	2394.069167
754.471875	2397.814745
754.799620	2395.561349
755.127318	2398.838099
755.454969	2397.638304
755.782572	2395.929353
756.110129	2396.133520
756.437638	2397.217368
756.765100	2395.097563
757.092515	2396.705691
757.419882	2398.409601
757.747203	2394.790052
758.074477	2396.267110
758.401703	2394.197717
758.728882	2395.526061
759.056014	2397.096380
759.383099	2394.222923
759.710138	2395.838612
760.037129	2394.636297
760.364073	2395.120248
760.690970	2394.981616
761.017820	2395.999929
761.344623	2394.616133
761.671379	2396.380536
761.998088	2389.643034
762.324751	2394.643859
762.651366	2392.970196
762.977935	2395.480690
763.304456	2391.762839
763.630931	2395.952038
763.957359	2396.070505
764.283740	2397.887841
764.610074	2395.931874
764.936362	2397.522358
765.262602	2396.927502
765.588796	2396.360372
765.914943	2395.793242
766.241044	2396.425907
766.567097	2394.754764
766.893104	2394.573283
767.219064	2396.872049
767.544978	2395.551267
767.870845	2394.875752
768.196665	2394.207799
768.522438	2397.996226
768.848165	2395.780639
769.173846	2396.524209
769.499479	2396.168808
769.825066	2397.660989
770.150607	2397.310629
770.476101	2395.362223
770.801548	2397.575290
771.126949	2395.747872
771.452303	2395.818448
771.777611	2395.717625
772.102872	2394.785011
772.428087	2396.037738
772.753256	2395.712583
773.078378	2394.986657
773.403453	2396.017573
773.728482	2397.918088
774.053465	2396.579662
774.378401	2395.195865
774.703291	2396.887172
775.028135	2393.302912
775.352932	2396.294837
775.677683	2396.509086
776.002388	2395.009343
776.327046	2396.309960
776.651658	2397.666031
776.976224	2394.321225
777.300743	2395.843653
777.625216	2395.894065
777.949643	2394.341390
778.274024	2393.922974
778.598359	2392.987840
778.922647	2392.100597
779.246889	2394.215361
779.571086	2390.910884
779.895236	2394.744682
780.219339	2395.435320
780.543397	2393.302912
780.867409	2395.931874
781.191374	2394.724517
781.515294	2395.581513
781.839167	2395.442882
782.162995	2396.136040
782.486776	2396.746020
782.810511	2395.087480
783.134201	2395.750392
783.457844	2394.900958
783.781441	2395.936915
784.104993	2395.130330
784.428498	2395.881462
784.751958	2394.464898
785.075372	2395.415155
785.398739	2394.391801
785.722061	2395.331976
786.045337	2396.355331
786.368568	2394.911040
786.691752	2393.428941
787.014891	2396.783829
787.337983	2394.825340
787.661030	2394.086811
787.984031	2394.177552
788.306987	2394.608571
788.629897	2395.158057
788.952760	2394.779970
789.275579	2395.248797
789.598351	2397.774415
789.921078	2396.158726
790.243759	2396.118396
790.566395	2391.735113
790.888984	2394.868190
791.211529	2393.670916
791.534027	2397.383726
791.856480	2396.549415
792.178888	2397.035886
792.501249	2398.422204
792.823566	2395.964641
793.145836	2393.834754
793.468062	2395.410114
793.790241	2396.773746
794.112375	2396.887172
794.434464	2396.705691
794.756507	2395.836092
795.078505	2394.507748
795.400457	2390.852911
795.722364	2393.118910
796.044226	2394.006153
796.366042	2392.350134
796.687812	2392.309805
797.009538	2396.098232
797.331218	2394.772408
797.652852	2393.101266
797.974442	2396.589744
798.295986	2394.701832
798.617484	2397.469426
798.938938	2396.178890
799.260346	2395.558828
799.581709	2393.776780
799.903026	2397.693757
800.224299	2394.331307
800.545526	2395.387429
800.866708	2395.760474
801.187845	2396.667882
801.508936	2397.401370
801.829983	2394.427089
802.150984	2394.674106
802.471940	2397.391288
802.792851	2393.252500
803.113717	2397.368603
803.434538	2394.386760
803.755314	2398.039076
804.076045	2393.353323
804.396731	2393.648231
804.717372	2392.022459
805.037967	2397.303067
805.358518	2394.124620
805.679024	2395.941956
805.999485	2396.274672
806.319901	2395.752913
806.640272	2395.226112
806.960598	2393.688560
807.280879	2393.975906
807.601115	2399.889179
807.921306	2393.345762
808.241453	2395.866339
808.561554	2394.832902
808.881611	2394.192676
809.201623	2396.088149
809.521590	2395.132851
809.841513	2394.432130
810.161390	2394.132182
810.481223	2395.364744
810.801011	2394.520351
811.120755	2396.546894
811.440453	2394.162429
811.760107	2393.905330
812.079716	2393.290309
812.399281	2388.975081
812.718801	2393.476832
813.038276	2389.491800
813.357707	2392.849208
813.677093	2392.531615
813.996434	2391.276368
814.315731	2393.128992
814.634983	2396.302398
814.954191	2395.959600
815.273354	2393.645710
815.592473	2394.008673
815.911547	2395.253838
816.230577	2393.388612
816.549562	2396.869528
816.868502	2395.584034
817.187399	2396.892213
817.506250	2395.510937
817.825058	2397.096380
818.143821	2395.107645
818.462539	2395.669734
818.781213	2396.927502
819.099843	2395.284085
819.418429	2394.951369
819.736970	2396.599827
820.055466	2395.049672
820.373919	2395.921791
820.692327	2393.093704
821.010691	2394.023797
821.329011	2398.709549
821.647286	2398.903634
821.965517	2396.433468
822.283704	2393.154198
822.601847	2394.164949
822.919945	2396.584703
823.237999	2396.579662
823.556010	2394.822820
823.873976	2394.384239
824.191897	2394.648900
824.509775	2395.145454
824.827609	2395.793242
825.145398	2394.941287
825.463144	2395.261400
825.780845	2393.098745
826.098502	2393.847357
826.416116	2395.962121
826.733685	2395.183262
827.051210	2393.078581
827.368692	2394.686709
827.686129	2393.426420
828.003522	2394.036400
828.320872	2390.046327
828.638177	2389.811913
828.955439	2390.111862
829.272656	2391.609084
829.589830	2389.849722
829.906960	2393.222253
830.224046	2395.216030
830.541088	2394.555639
830.858086	2394.721997
831.175041	2393.005484
831.491952	2397.381205
831.808819	2395.437841
832.125642	2393.554970
832.442421	2393.726369
832.759157	2395.780639
833.075849	2395.531102
833.392497	2393.479352
833.709101	2395.039589
834.025662	2394.787532
834.342179	2393.812068
834.658653	2395.765516
834.975083	2393.756616
835.291469	2397.797101
835.607811	2394.512789
835.924110	2392.917264
836.240366	2395.369785
836.556578	2391.319218
836.872746	2394.316184
837.188871	2391.853580
837.504952	2396.627553
837.820990	2395.710063
838.136984	2396.123438
838.452935	2393.280227
838.768842	2395.349620
839.084706	2394.512789
839.400526	2390.489948
839.716303	2393.277706
840.032037	2394.064126
840.347727	2393.252500
840.663373	2394.507748
840.978977	2393.925494
841.294537	2393.010525
841.610054	2394.033879
841.925527	2395.473129
842.240957	2395.090001
842.556344	2394.878272
842.871687	2395.795763
843.186987	2394.379198
843.502244	2393.305432
843.817458	2395.936915
844.132629	2392.438354
844.447756	2394.507748
844.762840	2387.921480
845.077881	2391.629249
845.392879	2391.145298
845.707833	2393.038251
846.022745	2388.964999
846.337613	2393.653272
846.652438	2393.776780
846.967221	2395.853736
847.281960	2394.905999
847.596656	2390.404248
847.911309	2393.718807
848.225919	2396.372975
848.540485	2395.158057
848.855009	2392.274517
849.169490	2393.890206
849.483928	2395.054713
849.798323	2392.561862
850.112675	2393.640669
850.426984	2394.205278
850.741251	2393.252500
851.055474	2393.363406
851.369654	2396.501524
851.683792	2392.990360
851.997887	2395.775598
852.311938	2394.169990
852.625947	2393.302912
852.939914	2391.626728
853.253837	2394.777449
853.567718	2391.914074
853.881555	2395.185783
854.195350	2395.377347
854.509103	2392.012377
854.822812	2393.265103
855.136479	2393.202089
855.450103	2394.185114
855.763685	2395.276524
856.077224	2391.097407
856.390720	2390.295864
856.704173	2391.659496
857.017584	2393.113869
857.330953	2392.332490
857.644278	2396.720814
857.957561	2397.986144
858.270802	2395.276524
858.584000	2393.015566
858.897155	2395.079919
859.210268	2394.066647
859.523339	2394.094373
859.836367	2394.487583
860.149352	2394.217881
860.462295	2393.164280
860.775195	2391.130175
861.088054	2390.449619
861.400869	2390.815103
861.713642	2388.992725
862.026373	2393.053375
862.339062	2393.519682
862.651708	2392.425751
862.964312	2393.975906
863.276873	2393.088663
863.589392	2395.090001
863.901869	2395.732748
864.214303	2391.972047
864.526696	2392.839126
864.839045	2394.076729
865.151353	2392.264434
865.463619	2390.767212
865.775842	2395.301729
866.088023	2389.506923
866.400162	2394.875752
866.712258	2393.859959
867.024313	2392.738303
867.336325	2393.698643
867.648296	2390.757129
867.960224	2393.643190
868.272110	2395.153015
868.583954	2393.161760
868.895755	2392.347613
869.207515	2391.999774
869.519233	2395.279044
869.830909	2393.776780
870.142542	2393.789383
870.454134	2394.374157
870.765684	2391.198230
871.077191	2393.703684
871.388657	2393.290309
871.700081	2392.831564
872.011463	2392.582027
872.322803	2393.398694
872.634101	2391.251162
872.945357	2396.277193
873.256571	2396.957748
873.567744	2393.993550
873.878874	2395.339538
874.189963	2392.781152
874.501010	2394.343910
874.812015	2393.532284
875.122979	2393.945659
875.433900	2393.585217
875.744780	2394.870711
876.055618	2389.806872
876.366415	2393.106307
876.677169	2389.040616
876.987882	2392.360216
877.298554	2390.033724
877.609183	2391.510782
877.919771	2388.231511
878.230317	2388.665050
878.540822	2393.701163
878.851285	2392.004815
879.161707	2394.207799
879.472087	2392.801317
879.782425	2391.810730
880.092722	2392.813920
880.402977	2391.694784
880.713191	2392.773591
881.023363	2393.038251
881.333494	2395.090001
881.643583	2392.821482
881.953631	2394.946328
882.263637	2392.004815
882.573602	2393.280227
882.883526	2392.703015
883.193408	2393.509599
883.503248	2394.394322
883.813048	2391.329300
884.122806	2394.248128
884.432522	2393.020607
884.742197	2391.714948
885.051831	2390.537839
885.361424	2393.002963
885.670975	2393.623025
885.980485	2392.206461
886.289954	2392.695453
886.599382	2390.300905
886.908768	2392.871893
887.218113	2391.188148
887.527417	2393.091183
887.836680	2392.055226
888.145901	2391.188148
888.455082	2392.841646
888.764221	2392.564383
889.073319	2392.400545
889.382376	2392.975237
889.691392	2390.525236
890.000366	2396.945146
890.309300	2391.009187
890.618193	2391.984650
890.927044	2393.587737
891.235855	2391.697304
891.544625	2392.634959
891.853353	2390.494989
892.162041	2392.937428
892.470687	2391.994733
892.779293	2392.939949
893.087858	2391.654455
893.396381	2390.005997
893.704864	2389.582540
894.013306	2385.272354
894.321707	2391.959444
894.630068	2390.752088
894.938387	2393.933056
895.246665	2390.472304
895.554903	2394.689229
895.863100	2391.435164
896.171256	2391.783004
896.479371	2391.344424
896.787446	2393.164280
897.095480	2392.597150
897.403473	2391.278889
897.711425	2393.373488
898.019336	2392.035062
898.327207	2392.324928
898.635038	2394.222923
898.942827	2391.815772
899.250576	2391.578837
899.558284	2391.901471
899.865952	2392.060267
900.173579	2392.176214
900.481165	2393.005484
900.788711	2393.202089
901.096216	2392.130844
901.403681	2391.609084
901.711105	2392.082953
902.018489	2392.813920
902.325832	2395.218550
902.633135	2390.668909
902.940397	2392.108158
903.247619	2390.336193
903.554800	2392.566903
903.861941	2391.727551
904.169041	2391.820813
904.476101	2389.549773
904.783121	2391.465411
905.090100	2391.651934
905.397039	2393.320556
905.703938	2391.465411
906.010796	2392.708056
906.317614	2391.858621
906.624391	2389.428785
906.931129	2391.959444
907.237826	2391.946842
907.544483	2392.927346
907.851099	2390.610936
908.157675	2392.335010
908.464211	2389.819475
908.770707	2386.131871
909.077163	2388.539022
909.383578	2387.598846
909.689954	2390.333672
909.996289	2386.903167
910.302584	2389.942983
910.608839	2389.307797
910.915054	2392.408107
911.221229	2393.285268
911.527363	2391.876265
911.833458	2394.379198
912.139513	2391.417520
912.445527	2393.237377
912.751502	2390.487428
913.057436	2392.208982
913.363331	2393.701163
913.669186	2393.224774
913.975000	2390.648744
914.280775	2389.612787
914.586510	2392.826523
914.892205	2389.517005
915.197859	2392.191338
915.503475	2390.936090
915.809050	2392.269475
916.114585	2393.839795
916.420081	2390.336193
916.725536	2391.263765
917.030952	2392.052706
917.336328	2393.693601
917.641665	2391.357027
917.946961	2391.624208
918.252218	2393.789383
918.557435	2389.335524
918.862612	2392.569424
919.167750	2388.176058
919.472848	2390.565565
919.777906	2391.896430
920.082925	2390.989022
920.387904	2391.377191
920.692843	2390.764691
920.997743	2391.649413
921.302603	2392.193858
921.607423	2393.542367
921.912204	2390.971378
922.216946	2391.866183
922.521647	2391.669578
922.826310	2393.192007
923.130932	2390.293343
923.435516	2391.959444
923.740059	2390.734444
924.044564	2391.145298
924.349028	2392.589589
924.653454	2385.721017
924.957840	2388.826367
925.262186	2388.397869
925.566493	2393.028169
925.870761	2386.933414
926.174989	2389.522047
926.479178	2390.215205
926.783328	2390.293343
927.087438	2390.318549
927.391509	2390.084135
927.695541	2390.469783
927.999533	2390.847870
928.303486	2392.103117
928.607400	2391.793086
928.911275	2390.283261
929.215110	2394.399363
929.518906	2391.228477
929.822663	2391.961965
930.126381	2389.968189
930.430060	2391.616646
930.733699	2390.989022
931.037299	2388.957437
931.340861	2387.523229
931.644383	2394.406925
931.947866	2390.678991
932.251309	2391.621687
932.554714	2390.497510
932.858080	2393.847357
933.161407	2392.365257
933.464694	2394.515309
933.767943	2393.141595
934.071153	2391.175545
934.374323	2391.367109
934.677455	2388.533980
934.980548	2392.040103
935.283602	2388.037427
935.586617	2388.780997
935.889593	2392.468601
936.192530	2392.017418
936.495428	2393.035731
936.798287	2391.387273
937.101108	2392.834085
937.403890	2389.466594
937.706632	2390.431975
938.009336	2390.605895
938.312002	2391.251162
938.614628	2390.452139
938.917216	2390.878117
939.219765	2389.953065
939.522275	2392.539177
939.824747	2392.171173
940.127179	2389.133878
940.429573	2387.823178
940.731929	2388.730585
941.034246	2384.170862
941.336524	2393.403735
941.638763	2389.761501
941.940964	2392.055226
942.243126	2391.135216
942.545250	2389.753940
942.847335	2388.465925
943.149381	2393.605381
943.451389	2390.981461
943.753359	2389.643034
944.055290	2389.779145
944.357182	2388.561707
944.659036	2391.059598
944.960851	2392.919784
945.262628	2390.116903
945.564367	2390.888199
945.866067	2387.432488
946.167729	2393.040772
946.469352	2393.103786
946.770937	2389.811913
947.072484	2388.758312
947.373992	2392.246790
947.675462	2390.210164
947.976893	2391.271327
948.278286	2391.026831
948.579641	2392.612274
948.880958	2391.059598
949.182236	2391.752757
949.483476	2392.718138
949.784678	2393.010525
950.085841	2390.462222
950.386967	2389.706049
950.688054	2387.495503
950.989103	2389.335524
951.290114	2390.742006
951.591087	2388.241593
951.892021	2390.326111
952.192917	2390.494989
952.493776	2389.796789
952.794596	2395.379867
953.095378	2389.721172
953.396122	2390.066491
953.696828	2391.006666
953.997496	2392.153529
954.298126	2391.079763
954.598718	2390.028683
954.899272	2390.308467
955.199788	2389.590102
955.500266	2391.825854
955.800706	2390.555483
956.101108	2390.973899
956.401472	2390.273178
956.701798	2384.949720
957.002087	2389.010369
957.302337	2388.811244
957.602550	2390.124464
957.902724	2390.684032
958.202861	2388.967520
958.502960	2388.944834
958.803022	2390.126985
959.103045	2387.750081
959.403031	2390.316028
959.702979	2389.378374
960.002889	2390.270658
960.302762	2390.220246
960.602596	2389.131357
960.902393	2388.624721
961.202153	2390.837788
961.501875	2390.893240
961.801559	2390.134547
962.101205	2390.331152
962.400814	2390.540360
962.700385	2390.699156
962.999918	2392.012377
963.299414	2392.082953
963.598873	2391.843498
963.898293	2388.831408
964.197677	2391.188148
964.497022	2388.861655
964.796331	2390.197561
965.095601	2391.871224
965.394835	2387.578682
965.694030	2388.833929
965.993189	2391.674619
966.292309	2390.008518
966.591393	2389.048178
966.890439	2392.622356
967.189447	2389.995915
967.488419	2388.823847
967.787353	2390.885679
968.086249	2390.023641
968.385108	2389.680843
968.683930	2391.082284
968.982714	2392.123282
969.281462	2388.952396
969.580172	2391.299053
969.878844	2389.461553
970.177480	2390.167314
970.476078	2392.219064
970.774639	2390.210164
971.073162	2389.186810
971.371649	2388.831408
971.670098	2384.821171
971.968510	2390.845349
972.266885	2384.624566
972.565223	2387.440050
972.863524	2389.073384
973.161788	2390.689074
973.460014	2388.337375
973.758204	2387.200595
974.056356	2389.141439
974.354471	2388.314690
974.652550	2389.045658
974.950591	2390.999105
975.248595	2389.426265
975.546563	2389.736296
975.844493	2390.305946
976.142386	2390.595812
976.440243	2389.663199
976.738062	2387.858466
977.035845	2390.361399
977.333590	2389.030534
977.631299	2390.573127
977.928971	2387.571120
978.226606	2390.056409
978.524204	2391.462891
978.821765	2388.506254
979.119290	2389.343086
979.416777	2390.205123
979.714228	2390.258055
980.011642	2389.461553
980.309020	2390.951214
980.606360	2389.012890
980.903664	2389.393497
981.200931	2389.582540
981.498162	2389.045658
981.795356	2389.201933
982.092513	2390.600853
982.389633	2388.591954
982.686717	2390.031203
982.983764	2387.578682
983.280775	2389.131357
983.577749	2390.013559
983.874686	2389.781666
984.171587	2391.505741
984.468451	2391.162942
984.765279	2387.613970
985.062070	2388.838970
985.358824	2385.910060
985.655543	2391.046996
985.952224	2389.615308
986.248869	2390.154711
986.545478	2384.644730
986.842050	2385.579864
987.138586	2387.147663
987.435086	2385.274874
987.731549	2385.501726
988.027975	2391.420041
988.324366	2390.686553
988.620719	2389.305277
988.917037	2389.406100
989.213318	2391.399876
989.509563	2388.178579
989.805772	2390.394166
990.101944	2389.534649
990.398080	2392.360216
990.694180	2387.939124
990.990244	2388.039947
991.286271	2388.221429
991.582262	2387.117416
991.878217	2389.244783
992.174136	2390.212685
992.470019	2389.239742
992.765865	2389.925339
993.061676	2386.688918
993.357450	2389.212016
993.653188	2389.227139
993.948890	2389.713610
994.244556	2390.467263
994.540186	2392.040103
994.835780	2387.745040
995.131337	2387.871069
995.426859	2388.344937
995.722345	2389.045657
996.017795	2391.299053
996.313208	2393.479352
996.608586	2388.987684
996.903928	2388.702859
997.199234	2388.796120
997.494504	2391.248642
997.789738	2390.474825
998.084936	2388.080277
998.380099	2390.696635
998.675225	2388.100441
998.970316	2390.615977
999.265371	2388.191182
999.560390	2387.974412
999.855373	2390.623539
1000.150320	2388.712941
1000.445232	2390.757129
1000.740108	2391.856101
1001.034948	2387.369474
1001.329752	2389.065822
1001.624521	2387.676984
1001.919254	2382.847559
1002.213951	2391.145298
1002.508613	2387.545914
1002.803239	2389.423744
1003.097829	2385.214381
1003.392384	2391.941800
1003.686903	2386.951058
1003.981386	2390.235370
1004.275834	2391.258724
1004.570246	2391.528426
1004.864623	2389.539691
1005.158964	2389.154042
1005.453270	2388.700338
1005.747540	2387.737478
1006.041775	2388.392828
1006.335974	2387.366953
1006.630138	2389.368291
1006.924266	2389.174207
1007.218359	2389.156563
1007.512416	2390.497510
1007.806438	2388.566748
1008.100425	2388.372663
1008.394376	2387.142622
1008.688292	2388.445760
1008.982172	2386.925852
1009.276017	2387.160266
1009.569827	2389.348127
1009.863602	2389.290153
1010.157341	2387.820657
1010.451045	2392.032541
1010.744714	2388.430637
1011.038347	2387.621532
1011.331945	2391.009187
1011.625508	2386.802344
1011.919036	2388.700338
1012.212528	2387.855945
1012.505986	2386.310832
1012.799408	2387.987015
1013.092795	2390.189999
1013.386147	2388.034906
1013.679464	2387.883672
1013.972745	2387.218239
1014.265992	2388.758312
1014.559204	2386.610780
1014.852380	2389.171686
1015.145521	2389.007849
1015.438628	2388.231511
1015.731699	2389.222098
1016.024736	2387.485420
1016.317737	2388.160935
1016.610703	2390.106820
1016.903635	2386.681356
1017.196531	2384.624566
1017.489393	2386.177241
1017.782219	2381.501571
1018.075011	2390.691594
1018.367768	2388.080277
1018.660490	2390.563045
1018.953177	2390.563045
1019.245829	2390.563045
