Dividing Wavelength (nm)	Counts (n)	Blue Motor Position (mm): 3.800000	Red Motor Position (mm): 0.000000	
326.493990	1978.804119
326.888308	1978.804119
327.282561	1978.804119
327.676750	1954.314194
328.070874	1957.457353
328.464933	1961.792746
328.858929	1972.006123
329.252859	1985.329893
329.646726	1996.110400
330.040528	2015.367608
330.434265	2030.743127
330.827938	2050.083514
331.221547	2072.322564
331.615091	2091.471387
332.008571	2112.281270
332.401986	2133.212141
332.795338	2153.142343
333.188625	2172.117246
333.581847	2190.222550
333.975006	2209.353729
334.368100	2228.827706
334.761129	2243.467217
335.154095	2258.673857
335.546996	2275.753287
335.939833	2287.784000
336.332606	2298.256997
336.725315	2314.055973
337.117960	2321.708445
337.510540	2327.160453
337.903056	2336.766372
338.295508	2342.304079
338.687896	2350.228773
339.080220	2356.822602
339.472480	2361.641945
339.864676	2363.862573
340.256807	2366.995651
340.648875	2369.175950
341.040879	2371.446989
341.432818	2371.729294
341.824694	2373.781044
342.216506	2371.787267
342.608253	2373.266846
342.999937	2372.152751
343.391557	2372.296424
343.783113	2368.543285
344.174605	2368.205528
344.566033	2364.583458
344.957397	2363.388705
345.348697	2363.015660
345.739934	2361.430217
346.131106	2359.353261
346.522215	2360.001050
346.913260	2356.298322
347.304241	2351.925121
347.695159	2353.722293
348.086012	2352.822447
348.476802	2349.089472
348.867528	2349.681808
349.258191	2348.897908
349.648789	2348.066118
350.039324	2345.860613
350.429796	2344.678463
350.820203	2346.624348
351.210548	2343.823987
351.600828	2341.137052
351.991045	2343.380365
352.381198	2342.341888
352.771288	2340.849706
353.161314	2342.175530
353.551276	2339.672597
353.941175	2344.698627
354.331010	2340.237206
354.720782	2342.223421
355.110490	2341.368945
355.500135	2343.017402
355.889717	2342.873729
356.279235	2341.497494
356.668689	2344.794409
357.058080	2340.504387
357.447408	2341.477330
357.836672	2337.852740
358.225873	2342.770386
358.615010	2340.955570
359.004084	2347.952692
359.393095	2345.386745
359.782043	2345.215345
360.170927	2346.236179
360.559748	2345.389265
360.948505	2346.581498
361.337199	2349.374297
361.725830	2346.823473
362.114398	2350.652230
362.502903	2349.850686
362.891344	2348.166941
363.279722	2349.787672
363.668037	2349.306242
364.056289	2352.033506
364.444478	2350.881602
364.832603	2352.371263
365.220665	2351.418485
365.608665	2351.209277
365.996601	2352.635924
366.384474	2353.376973
366.772284	2355.617766
367.160031	2355.416120
367.547715	2352.441839
367.935336	2353.079545
368.322893	2353.553414
368.710388	2354.372601
369.097820	2357.634228
369.485189	2353.382015
369.872495	2357.351923
370.259738	2356.076511
370.646918	2356.273116
371.034035	2356.318487
371.421090	2357.039372
371.808081	2356.414269
372.195010	2357.571213
372.581875	2356.028620
372.968678	2358.060205
373.355418	2356.709176
373.742096	2357.409897
374.128710	2358.110617
374.515262	2357.074660
374.901751	2355.844618
375.288177	2358.718076
375.674540	2356.711697
376.060841	2358.587006
376.447079	2360.558097
376.833254	2360.653879
377.219367	2355.045595
377.605417	2358.466018
377.991404	2353.704648
378.377329	2356.336131
378.763191	2354.743126
379.148991	2361.384846
379.534727	2358.811337
379.920402	2362.506503
380.306013	2361.911647
380.691563	2361.868797
381.077049	2361.082377
381.462474	2361.399970
381.847835	2362.541791
382.233134	2361.972141
382.618371	2360.530371
383.003545	2360.537933
383.388657	2361.828468
383.773706	2364.485156
384.158693	2363.721421
384.543618	2365.833665
384.928480	2362.743437
385.313280	2364.669158
385.698017	2363.759230
386.082692	2365.153109
386.467305	2364.359127
386.851856	2365.299302
387.236344	2367.222503
387.620770	2366.733511
388.005133	2366.186545
388.389435	2367.351052
388.773674	2366.178984
389.157851	2367.046062
389.541965	2362.438448
389.926018	2368.220651
390.310008	2365.846268
390.693936	2365.044724
391.077802	2364.288551
391.461606	2364.354086
391.845348	2366.889786
392.229027	2368.634026
392.612645	2368.215610
392.996200	2370.368183
393.379694	2367.938346
393.763125	2366.297451
394.146494	2367.973634
394.529801	2369.916999
394.913047	2368.649149
395.296230	2369.919520
395.679351	2368.931454
396.062410	2370.335415
396.445408	2369.382637
396.828343	2369.299458
397.211217	2367.340970
397.594028	2366.486494
397.976778	2366.783922
398.359466	2365.011957
398.742092	2365.344673
399.124656	2372.195601
399.507158	2369.906917
399.889598	2374.096116
400.271977	2371.555374
400.654294	2370.461444
401.036549	2372.669469
401.418742	2371.580580
401.800874	2369.186032
402.182944	2372.177957
402.564952	2372.261136
402.946898	2372.384644
403.328783	2372.671990
403.710606	2374.459079
404.092367	2374.103678
404.474067	2374.290200
404.855705	2374.063348
405.237282	2377.019985
405.618797	2371.822555
406.000250	2374.486805
406.381642	2372.513193
406.762972	2375.885725
407.144240	2374.164171
407.525447	2372.666949
407.906593	2372.528317
408.287677	2374.569984
408.668700	2375.905890
409.049661	2374.806918
409.430560	2374.857330
409.811399	2373.985210
410.192176	2375.547968
410.572891	2377.007382
410.953545	2375.865561
411.334138	2376.614172
411.714669	2376.838503
412.095139	2376.465458
412.475547	2373.914634
412.855894	2375.185005
413.236180	2378.005531
413.616405	2377.319934
413.996568	2377.456045
414.376670	2377.055273
414.756711	2376.495705
415.136691	2378.360932
415.516609	2376.692310
415.896466	2378.842362
416.276262	2378.497043
416.655997	2375.782382
417.035670	2374.753986
417.415283	2376.369676
417.794834	2373.193749
418.174324	2378.275232
418.553753	2379.843031
418.933121	2376.770448
419.312428	2377.090561
419.691674	2379.583412
420.070859	2381.035264
420.449983	2380.241282
420.829045	2378.549975
421.208047	2378.910418
421.586988	2381.781355
421.965867	2380.334544
422.344686	2378.580222
422.723444	2381.388145
423.102141	2377.819008
423.480777	2380.828577
423.859352	2380.241282
424.237866	2379.326313
424.616319	2379.238093
424.994712	2382.729092
425.373044	2381.516694
425.751314	2379.313710
426.129524	2379.704399
426.507673	2379.749770
426.885762	2381.632641
427.263789	2380.193391
427.641756	2381.173896
428.019662	2380.798330
428.397508	2380.155583
428.775292	2381.809081
429.153016	2381.148690
429.530679	2381.952754
429.908282	2384.780841
430.285824	2383.059287
430.663305	2384.286808
431.040726	2384.037271
431.418086	2385.443753
431.795385	2381.899822
432.172624	2384.937117
432.549802	2382.973588
432.926920	2382.063659
433.303977	2382.789586
433.680974	2383.409647
434.057910	2383.119781
434.434786	2385.756305
434.811601	2382.280429
435.188355	2383.089534
435.565050	2385.383259
435.941683	2382.532487
436.318257	2382.794627
436.694770	2379.890922
437.071222	2381.441077
437.447614	2378.837321
437.823946	2379.618700
438.200218	2384.473331
438.576429	2384.274205
438.952580	2385.413506
439.328670	2385.264792
439.704700	2383.795296
440.080670	2386.746891
440.456580	2385.758825
440.832429	2386.446943
441.208218	2387.306459
441.583947	2386.578013
441.959616	2385.315204
442.335224	2385.012734
442.710773	2386.167159
443.086261	2383.134905
443.461689	2386.860317
443.837057	2384.783362
444.212365	2385.479041
444.587612	2386.257899
444.962800	2385.789072
445.337927	2385.416027
445.712995	2383.820502
446.088002	2386.885523
446.462949	2385.960471
446.837837	2386.399052
447.212664	2386.328476
447.587431	2388.236552
447.962139	2387.016593
448.336786	2388.390307
448.711374	2385.302601
449.085901	2387.838301
449.460369	2387.097252
449.834776	2386.499875
450.209124	2387.160266
450.583412	2386.542725
450.957640	2386.958620
451.331808	2388.188661
451.705917	2388.980122
452.079965	2389.297715
452.453954	2389.189330
452.827883	2386.711603
453.201752	2388.501213
453.575562	2388.486089
453.949311	2386.908208
454.323001	2390.699156
454.696632	2386.875441
455.070202	2390.663868
455.443713	2390.764691
455.817164	2386.555328
456.190556	2384.604401
456.563888	2385.922663
456.937160	2382.761859
457.310373	2388.806203
457.683526	2387.472817
458.056619	2388.516336
458.429653	2388.697818
458.802628	2389.199413
459.175542	2389.920298
459.548398	2392.188817
459.921194	2389.428785
460.293930	2390.908364
460.666607	2388.521378
461.039224	2390.101779
461.411782	2388.120606
461.784280	2390.351316
462.156719	2390.318549
462.529099	2389.874927
462.901419	2390.552962
463.273680	2392.657644
463.645882	2390.752088
464.018024	2389.736296
464.390106	2389.118754
464.762130	2388.612118
465.134094	2389.948024
465.505999	2388.995246
465.877845	2391.193189
466.249631	2389.549773
466.621358	2392.599671
466.993026	2392.801317
467.364634	2394.832902
467.736184	2390.936090
468.107674	2391.798127
468.479105	2391.558673
468.850477	2391.319218
469.221790	2392.534136
469.593043	2389.537170
469.964238	2392.143447
470.335373	2393.081101
470.706449	2388.564227
471.077467	2391.750237
471.448425	2391.730072
471.819324	2391.916595
472.190164	2393.207130
472.560945	2389.975750
472.931667	2389.892571
473.302330	2392.501368
473.672934	2390.885679
474.043479	2390.056409
474.413965	2393.247459
474.784393	2387.777807
475.154761	2392.158570
475.525070	2387.117416
475.895321	2391.110010
476.265513	2388.160935
476.635645	2391.233518
477.005719	2393.449105
477.375734	2392.269475
477.745691	2391.155380
478.115588	2393.093704
478.485427	2392.700494
478.855207	2393.439023
479.224928	2391.336862
479.594591	2394.679147
479.964194	2393.686040
480.333739	2392.430792
480.703226	2391.099928
481.072653	2395.059754
481.442022	2394.396842
481.811333	2392.287119
482.180584	2393.058416
482.549777	2392.692932
482.918912	2391.057078
483.287988	2391.205792
483.657005	2392.198899
484.025964	2395.092522
484.394864	2394.038920
484.763706	2395.563869
485.132489	2394.270813
485.501213	2395.137892
485.869879	2390.063971
486.238487	2396.758623
486.607036	2392.932387
486.975527	2391.447767
487.343959	2396.491442
487.712333	2394.112017
488.080648	2393.761657
488.448905	2393.882645
488.817104	2395.768036
489.185244	2394.343910
489.553326	2393.433982
489.921350	2393.623025
490.289315	2393.161760
490.657222	2393.307953
491.025070	2392.395504
491.392861	2395.810886
491.760593	2395.581513
492.128267	2394.469939
492.495883	2397.179559
492.863440	2393.512120
493.230939	2391.452808
493.598380	2392.067829
493.965763	2389.476676
494.333088	2390.870555
494.700354	2391.707387
495.067563	2394.086811
495.434713	2389.789228
495.801805	2393.524723
496.168839	2393.197048
496.535815	2391.379712
496.902733	2395.901627
497.269593	2394.631256
497.636395	2394.064126
498.003139	2393.401214
498.369825	2395.936915
498.736453	2397.103942
499.103023	2394.631256
499.469535	2393.421379
499.835989	2393.877603
500.202385	2394.263252
500.568723	2395.019425
500.935003	2394.550598
501.301226	2395.145454
501.667390	2396.660320
502.033497	2396.304919
502.399546	2396.536812
502.765537	2393.063457
503.131470	2396.909857
503.497345	2394.953890
503.863163	2396.723335
504.228923	2396.017573
504.594625	2395.367264
504.960269	2393.365926
505.325856	2396.451113
505.691385	2397.721483
506.056856	2395.803324
506.422270	2397.255177
506.787625	2398.429765
507.152924	2393.736451
507.518164	2394.643859
507.883347	2395.803324
508.248472	2397.194683
508.613540	2396.781308
508.978550	2395.856256
509.343503	2395.142933
509.708398	2400.176525
510.073236	2394.870711
510.438016	2397.542522
510.802738	2397.378685
511.167403	2396.614950
511.532010	2395.531102
511.896561	2396.504045
512.261053	2399.443037
512.625488	2396.962790
512.989866	2389.385935
513.354186	2393.948180
513.718449	2392.405587
514.082655	2394.106976
514.446803	2394.848026
514.810894	2397.277862
515.174927	2397.315670
515.538904	2399.856412
515.902822	2395.964641
516.266684	2397.497152
516.630488	2396.998078
516.994235	2397.580331
517.357925	2396.846843
517.721558	2397.696277
518.085133	2398.427245
518.448651	2396.574621
518.812112	2395.168139
519.175516	2397.018242
519.538863	2397.149312
519.902152	2398.699467
520.265385	2397.446740
520.628560	2396.514127
520.991678	2396.342728
521.354739	2397.018242
521.717743	2396.322563
522.080690	2394.848026
522.443580	2395.281565
522.806413	2396.330125
523.169189	2394.656462
523.531908	2394.389281
523.894569	2398.366751
524.257174	2396.685526
524.619722	2396.700650
524.982213	2398.124776
525.344647	2395.919271
525.707025	2398.679303
526.069345	2399.115362
526.431608	2398.419683
526.793815	2399.087636
527.155964	2397.353479
527.518057	2397.275341
527.880093	2397.066133
528.242072	2398.263407
528.603995	2397.169477
528.965860	2396.562018
529.327669	2396.589744
529.689421	2398.278531
530.051117	2397.499673
530.412755	2399.369941
530.774337	2398.114693
531.135862	2399.483367
531.497331	2394.175032
531.858743	2392.566903
532.220098	2394.590927
532.581396	2393.360885
532.942638	2395.571431
533.303824	2396.952707
533.664953	2399.501011
534.026025	2396.914899
534.387040	2396.110835
534.747999	2398.742317
535.108902	2397.847512
535.469748	2398.273490
535.830537	2397.597975
536.191270	2396.642676
536.551947	2397.925650
536.912567	2396.342728
537.273131	2397.124107
537.633638	2397.305588
537.994089	2396.136040
538.354483	2396.113355
538.714821	2396.652759
539.075103	2396.587224
539.435328	2399.627039
539.795497	2399.969838
540.155609	2398.417163
540.515665	2396.798952
540.875665	2396.715773
541.235609	2399.027142
541.595496	2396.811555
541.955328	2395.311812
542.315102	2397.517317
542.674821	2400.635270
543.034483	2397.981103
543.394090	2396.786349
543.753640	2398.994375
544.113134	2398.036555
544.472571	2397.940773
544.831953	2399.216185
545.191278	2395.725186
545.550548	2397.512275
545.909761	2397.955897
546.268918	2397.141751
546.628019	2396.410783
546.987064	2399.929509
547.346053	2399.180897
547.704986	2400.244581
548.063863	2397.023283
548.422684	2399.049827
548.781449	2395.014384
549.140158	2397.628222
549.498811	2402.379509
549.857408	2399.339694
550.215949	2398.311298
550.574434	2390.845349
550.932864	2394.727038
551.291237	2392.471122
551.649555	2395.841133
552.007817	2398.777605
552.366022	2399.080074
552.724173	2396.922460
553.082267	2396.924981
553.440305	2398.374313
553.798288	2398.081926
554.156215	2399.841288
554.514086	2398.749879
554.871902	2396.859446
555.229661	2399.329611
555.587365	2398.477656
555.945014	2395.982285
556.302606	2398.727193
556.660143	2400.378171
557.017625	2397.920609
557.375050	2399.682492
557.732421	2399.513613
558.089735	2400.262225
558.446994	2397.028325
558.804197	2399.059910
559.161345	2399.107801
559.518437	2397.134189
559.875474	2398.684344
560.232455	2396.796432
560.589381	2398.175187
560.946251	2397.822306
561.303065	2400.703326
561.659825	2400.466392
562.016528	2399.566546
562.373177	2401.144427
562.729770	2397.580331
563.086307	2400.917575
563.442789	2400.552091
563.799216	2397.915568
564.155587	2397.666031
564.511904	2397.184600
564.868164	2398.331463
565.224370	2397.262738
565.580520	2395.367264
565.936615	2398.860784
566.292654	2397.177039
566.648638	2399.770712
567.004567	2399.322050
567.360441	2397.421535
567.716260	2398.079405
568.072023	2398.885990
568.427732	2395.674775
568.783385	2397.698798
569.138982	2393.640669
569.494525	2396.637635
569.850013	2393.388612
570.205445	2399.511093
570.560823	2400.161402
570.916145	2398.041597
571.271412	2399.869015
571.626625	2397.807183
571.981782	2397.945815
572.336884	2397.073695
572.691931	2401.774571
573.046923	2398.036555
573.401860	2397.449261
573.756743	2398.792728
574.111570	2398.701988
574.466342	2398.326422
574.821059	2398.341545
575.175722	2399.732904
575.530330	2399.173336
575.884882	2400.751217
576.239380	2401.804818
576.593823	2401.577966
576.948211	2399.052348
577.302544	2400.375651
577.656823	2399.513613
578.011047	2399.143089
578.365216	2402.412277
578.719330	2396.226781
579.073389	2398.757440
579.427394	2400.476474
579.781344	2401.691392
580.135239	2400.287431
580.489080	2398.752399
580.842866	2398.086967
581.196597	2403.110477
581.550273	2397.570249
581.903895	2400.189128
582.257463	2398.868346
582.610975	2398.865825
582.964434	2396.083108
583.317837	2398.409601
583.671186	2400.269787
584.024481	2398.233160
584.377721	2399.644683
584.730906	2400.380692
585.084037	2402.308933
585.437113	2398.472615
585.790135	2400.642832
586.143103	2400.219375
586.496016	2399.397667
586.848874	2392.574465
587.201679	2395.697460
587.554428	2393.131513
587.907124	2396.672923
588.259765	2396.519168
588.612352	2398.389436
588.964884	2400.143758
589.317362	2396.521689
589.669786	2399.695095
590.022155	2401.013357
590.374470	2398.071843
590.726731	2397.277862
591.078937	2400.587379
591.431090	2398.371792
591.783188	2399.395146
592.135232	2400.799108
592.487222	2398.409601
592.839157	2397.787018
593.191038	2399.410270
593.542866	2400.184087
593.894639	2397.958417
594.246358	2397.706360
594.598022	2399.793398
594.949633	2398.137378
595.301190	2398.369272
595.652692	2396.998078
596.004141	2396.635115
596.355535	2398.954045
596.706876	2399.521175
597.058162	2400.665517
597.409395	2399.211144
597.760573	2400.176525
598.111698	2398.916237
598.462768	2396.753582
598.813785	2399.208624
599.164748	2396.642676
599.515657	2399.584190
599.866511	2397.875238
600.217312	2399.133006
600.568060	2398.651576
600.918753	2401.119221
601.269392	2399.165774
601.619978	2398.913716
601.970510	2400.058058
602.320988	2400.579817
602.671412	2397.091339
603.021783	2398.765002
603.372100	2398.104611
603.722363	2398.888510
604.072572	2398.207955
604.422728	2399.541340
604.772830	2398.220558
605.122878	2397.154353
605.472872	2395.808365
605.822813	2394.976575
606.172701	2396.688047
606.522534	2397.809703
606.872314	2398.853222
607.222041	2398.941442
607.571714	2397.242574
607.921333	2399.977400
608.270899	2401.661145
608.620411	2397.514796
608.969870	2398.003788
609.319276	2398.560835
609.668627	2396.637635
610.017926	2397.832389
610.367171	2396.587224
610.716362	2400.846999
611.065500	2400.108470
611.414585	2402.964283
611.763616	2396.904816
612.112594	2398.933881
612.461518	2399.334652
612.810389	2397.235012
613.159207	2398.321381
613.507971	2396.441030
613.856682	2398.916237
614.205340	2397.688716
614.553945	2400.904972
614.902496	2399.856412
615.250994	2399.359858
615.599439	2400.990672
615.947830	2399.848850
616.296169	2397.154353
616.644454	2400.085784
616.992686	2399.957235
617.340864	2397.366082
617.688990	2399.533778
618.037063	2398.149981
618.385082	2399.866494
618.733048	2400.226937
619.080961	2398.596123
619.428821	2399.090157
619.776628	2398.626370
620.124382	2400.426062
620.472083	2400.710888
620.819731	2399.440517
621.167326	2399.155692
621.514868	2400.494118
621.862357	2397.832389
622.209793	2399.067471
622.557176	2396.506565
622.904506	2394.172511
623.251783	2394.724517
623.599007	2397.600496
623.946179	2393.708725
624.293297	2397.494631
624.640363	2398.694426
624.987376	2395.571431
625.334336	2398.220557
625.681243	2400.358007
626.028097	2397.935732
626.374899	2398.709549
626.721647	2397.923129
627.068343	2400.441186
627.414987	2398.059241
627.761577	2397.799621
628.108115	2400.468912
628.454600	2399.374982
628.801032	2398.928840
629.147412	2396.171328
629.493739	2398.313819
629.840014	2398.517986
630.186236	2398.031514
630.532405	2400.405898
630.878521	2399.450599
631.224585	2400.174005
631.570597	2397.976062
631.916556	2399.122924
632.262462	2400.189128
632.608316	2399.833727
632.954117	2399.110321
633.299866	2398.828017
633.645562	2398.565877
633.991206	2397.789539
634.336797	2398.742317
634.682336	2399.861453
635.027823	2400.189128
635.373257	2400.398336
635.718639	2398.679303
636.063968	2397.623181
636.409245	2399.332132
636.754470	2402.061917
637.099642	2400.857081
637.444762	2400.156361
637.789829	2402.029149
638.134845	2397.149312
638.479808	2401.615775
638.824719	2399.826165
639.169577	2399.750548
639.514383	2400.249622
639.859137	2397.729045
640.203839	2399.072513
640.548489	2396.642676
640.893086	2397.582852
641.237632	2395.694939
641.582125	2398.767523
641.926566	2393.323077
642.270955	2398.187790
642.615292	2398.182749
642.959576	2399.737945
643.303809	2395.831051
643.647990	2398.364230
643.992118	2397.736607
644.336195	2397.613098
644.680219	2401.063768
645.024192	2398.563356
645.368112	2399.309447
645.711981	2399.369941
646.055797	2397.590413
646.399562	2397.976062
646.743274	2397.688716
647.086935	2398.414642
647.430544	2402.316495
647.774101	2398.790208
648.117606	2399.289282
648.461059	2401.187277
648.804460	2405.568039
649.147810	2400.917575
649.491108	2399.155692
649.834354	2398.921278
650.177548	2397.487070
650.520690	2399.364899
650.863781	2399.253994
651.206820	2401.973697
651.549807	2396.075547
651.892742	2395.972203
652.235626	2399.753068
652.578458	2400.350445
652.921238	2396.113355
653.263967	2396.947666
653.606644	2399.937070
653.949269	2399.803480
654.291843	2398.104611
654.634365	2399.808521
654.976836	2399.211144
655.319255	2398.497821
655.661622	2399.032183
656.003938	2398.086967
656.346203	2398.759961
656.688416	2399.175856
657.030577	2396.912378
657.372687	2399.758109
657.714746	2396.945146
658.056753	2397.792059
658.398708	2392.138405
658.740612	2397.159395
659.082465	2395.241236
659.424266	2392.980278
659.766016	2393.628066
660.107715	2399.175856
660.449362	2396.388098
660.790958	2395.165618
661.132503	2395.808365
661.473996	2397.522358
661.815438	2399.087636
662.156829	2398.276010
662.498168	2398.775084
662.839456	2394.442213
663.180693	2397.930691
663.521879	2398.102090
663.863013	2397.164436
664.204097	2399.253994
664.545129	2400.294992
664.886110	2402.508059
665.227040	2399.979920
665.567918	2399.380023
665.908746	2398.311298
666.249522	2401.018398
666.590248	2399.286762
666.930922	2399.841288
667.271545	2398.129817
667.612118	2398.109652
667.952639	2401.449417
668.293109	2398.359189
668.633528	2397.159395
668.973896	2400.446227
669.314213	2398.036555
669.654480	2400.605023
669.994695	2397.877759
670.334859	2396.667882
670.674973	2398.346586
671.015035	2396.047820
671.355047	2394.109497
671.695008	2399.344735
672.034918	2397.184600
672.374777	2399.261556
672.714585	2398.243243
673.054342	2398.694426
673.394049	2399.803480
673.733705	2396.907337
674.073310	2398.412121
674.412864	2398.255846
674.752368	2397.799621
675.091820	2397.797101
675.431223	2399.407749
675.770574	2398.462533
676.109875	2392.403066
676.449125	2397.159395
676.788324	2394.447254
677.127473	2396.824158
677.466571	2393.078581
677.805619	2398.160064
678.144616	2398.152502
678.483562	2398.253325
678.822458	2398.432286
679.161303	2402.195507
679.500098	2395.694939
679.838842	2398.656617
680.177535	2397.872718
680.516179	2398.966648
680.854771	2398.089488
681.193314	2400.496638
681.531805	2398.470095
681.870247	2398.787687
682.208638	2400.083264
682.546978	2398.097049
682.885268	2399.571587
683.223508	2396.143602
683.561697	2399.201062
683.899836	2397.945815
684.237925	2398.155023
684.575963	2398.001267
684.913951	2397.086298
685.251889	2398.820455
685.589776	2399.127965
685.927614	2399.072513
686.265401	2398.591082
686.603137	2397.920609
686.940824	2399.062430
687.278460	2399.324570
687.616046	2399.334653
687.953582	2396.201575
688.291068	2397.242574
688.628504	2397.106463
688.965889	2397.066133
689.303224	2398.356669
689.640510	2397.991185
689.977745	2397.093860
690.314930	2396.365413
690.652065	2399.238871
690.989150	2396.831720
691.326185	2397.933212
691.663170	2397.547563
692.000105	2398.429765
692.336990	2397.363561
692.673825	2396.751061
693.010610	2398.149981
693.347345	2396.524209
693.684030	2395.185783
694.020665	2397.802142
694.357251	2390.550442
694.693786	2399.173336
695.030272	2395.810886
695.366707	2398.296175
695.703093	2399.463202
696.039429	2397.663510
696.375716	2400.947822
696.711952	2398.661658
697.048139	2396.446071
697.384276	2398.351628
697.720363	2398.994375
698.056400	2397.781977
698.392388	2395.692419
698.728326	2396.811555
699.064214	2400.584859
699.400053	2396.811555
699.735842	2395.384908
700.071581	2394.280896
700.407270	2394.979096
700.742910	2396.798952
701.078501	2395.014384
701.414042	2396.418345
701.749533	2397.008160
702.084974	2398.026473
702.420366	2395.596637
702.755709	2397.973541
703.091002	2396.783829
703.426246	2398.326422
703.761440	2396.645197
704.096584	2395.586555
704.431679	2394.621174
704.766725	2400.179046
705.101721	2398.001267
705.436668	2396.257028
705.771565	2396.199055
706.106413	2399.125445
706.441212	2395.435320
706.775961	2398.268448
707.110661	2395.052192
707.445311	2396.834240
707.779913	2396.289796
708.114465	2397.731566
708.448967	2397.807183
708.783421	2399.657286
709.117825	2395.936915
709.452180	2399.581669
709.786485	2396.443551
710.120742	2399.732904
710.454949	2400.216854
710.789107	2396.632594
711.123216	2393.612943
711.457275	2394.293499
711.791286	2393.948180
712.125247	2393.746533
712.459159	2395.999929
712.793023	2395.533623
713.126837	2396.234343
713.460602	2395.969682
713.794318	2396.690567
714.127985	2399.143089
714.461602	2396.625032
714.795171	2395.619322
715.128691	2398.477656
715.462162	2398.402039
715.795584	2397.557646
716.128957	2395.268962
716.462281	2397.018242
716.795556	2396.771226
717.128782	2395.493293
717.461960	2396.942625
717.795088	2398.581000
718.128167	2396.330125
718.461198	2396.519168
718.794180	2398.424724
719.127113	2393.134033
719.459997	2397.590413
719.792833	2397.197203
720.125619	2396.526730
720.458357	2396.249466
720.791046	2395.883983
721.123686	2395.800804
721.456278	2397.376164
721.788821	2397.456823
722.121315	2396.783829
722.453761	2398.399518
722.786158	2396.204096
723.118506	2396.738458
723.450805	2395.488252
723.783056	2395.977244
724.115259	2397.522358
724.447412	2398.543191
724.779518	2398.732235
725.111574	2395.939435
725.443582	2396.811555
725.775542	2397.804662
726.107453	2398.797770
726.439315	2397.673592
726.771129	2402.394633
727.102895	2396.456154
727.434612	2397.436658
727.766281	2394.079250
728.097901	2396.496483
728.429473	2392.808879
728.760996	2395.362223
729.092471	2392.254352
729.423897	2398.177708
729.755276	2394.124620
730.086606	2399.702657
730.417887	2396.045300
730.749120	2395.896586
731.080305	2397.986144
731.411442	2398.074364
731.742530	2396.781308
732.073570	2398.981772
732.404562	2397.325753
732.735506	2396.834240
733.066401	2397.411452
733.397249	2397.759292
733.728048	2399.347255
734.058798	2397.701319
734.389501	2396.693088
734.720156	2395.707542
735.050762	2398.724673
735.381320	2395.495814
735.711831	2400.022770
736.042293	2397.429096
736.372707	2394.767367
736.703073	2396.786349
737.033391	2396.194014
737.363661	2395.866339
737.693883	2396.519168
738.024056	2401.300703
738.354182	2394.727038
738.684260	2399.521175
739.014290	2396.551936
739.344272	2397.237533
739.674207	2394.984137
740.004093	2398.775084
740.333931	2395.160577
740.663722	2399.054868
740.993464	2395.074877
741.323159	2397.660989
741.652806	2396.027656
741.982405	2397.683675
742.311956	2399.226268
742.641460	2397.812224
742.970915	2398.268448
743.300323	2398.817934
743.629683	2395.689898
743.958996	2395.314332
744.288260	2398.954045
744.617477	2393.968344
744.946647	2391.120092
745.275768	2394.502707
745.604842	2391.024310
745.933869	2393.703684
746.262847	2389.038096
746.591778	2395.430279
746.920662	2394.583365
747.249498	2396.952707
747.578286	2395.536143
747.907027	2395.952038
748.235720	2395.853736
748.564365	2399.674930
748.892963	2397.116545
749.221514	2395.508417
749.550017	2396.909858
749.878473	2396.710732
750.206881	2394.986657
750.535242	2395.742830
750.863555	2394.880793
751.191821	2395.924312
751.520039	2395.883983
751.848210	2397.020763
752.176334	2397.124107
752.504411	2395.737789
752.832440	2394.220402
753.160421	2396.698129
753.488356	2397.809703
753.816243	2398.394477
754.144082	2398.497821
754.471875	2394.845505
754.799620	2394.321225
755.127318	2399.521175
755.454969	2396.292316
755.782572	2397.008160
756.110129	2399.503531
756.437638	2397.232491
756.765100	2396.194014
757.092515	2396.289796
757.419882	2396.022614
757.747203	2396.526730
758.074477	2396.151164
758.401703	2396.660320
758.728882	2397.179559
759.056014	2395.221071
759.383099	2394.532953
759.710138	2394.931205
760.037129	2394.308622
760.364073	2397.565207
760.690970	2395.067316
761.017820	2395.954559
761.344623	2396.010012
761.671379	2395.284085
761.998088	2389.809392
762.324751	2394.265772
762.651366	2389.688405
762.977935	2392.934908
763.304456	2391.959444
763.630931	2395.871380
763.957359	2394.802655
764.283740	2398.528068
764.610074	2398.601165
764.936362	2396.544374
765.262602	2398.442368
765.588796	2397.393808
765.914943	2394.106976
766.241044	2395.568911
766.567097	2393.963303
766.893104	2397.265259
767.219064	2396.982954
767.544978	2395.286606
767.870845	2394.054044
768.196665	2396.108314
768.522438	2394.217881
768.848165	2398.278531
769.173846	2395.984806
769.499479	2396.942625
769.825066	2394.815258
770.150607	2395.979765
770.476101	2395.447923
770.801548	2395.599158
771.126949	2392.559342
771.452303	2397.224930
771.777611	2391.747716
772.102872	2397.298026
772.428087	2396.619991
772.753256	2394.767367
773.078378	2395.578993
773.403453	2398.152502
773.728482	2393.950700
774.053465	2396.642676
774.378401	2394.348951
774.703291	2395.407594
775.028135	2393.474311
775.352932	2397.020763
775.677683	2395.798283
776.002388	2398.031514
776.327046	2395.488252
776.651658	2396.597306
776.976224	2394.835423
777.300743	2397.159395
777.625216	2396.017573
777.949643	2396.985475
778.274024	2398.583521
778.598359	2392.060268
778.922647	2392.879455
779.246889	2391.513302
779.571086	2388.418034
779.895236	2394.543036
780.219339	2396.902296
780.543397	2394.779970
780.867409	2395.989847
781.191374	2393.801986
781.515294	2394.424569
781.839167	2394.880793
782.162995	2394.197717
782.486776	2394.154867
782.810511	2392.166132
783.134201	2395.899106
783.457844	2395.631925
783.781441	2395.432799
784.104993	2394.785011
784.428498	2393.658313
784.751958	2395.178221
785.075372	2397.086298
785.398739	2393.587737
785.722061	2395.944477
786.045337	2395.684857
786.368568	2395.034548
786.691752	2393.214692
787.014891	2395.440361
787.337983	2395.284085
787.661030	2395.475649
787.984031	2395.178221
788.306987	2394.457336
788.629897	2395.029507
788.952760	2393.675957
789.275579	2397.706360
789.598351	2395.760474
789.921078	2394.963972
790.243759	2393.713766
790.566395	2394.850546
790.888984	2397.023283
791.211529	2394.729558
791.534027	2394.369116
791.856480	2392.322408
792.178888	2395.745351
792.501249	2395.268962
792.823566	2394.290978
793.145836	2395.571431
793.468062	2393.126472
793.790241	2394.122099
794.112375	2395.468087
794.434464	2396.219219
794.756507	2396.577141
795.078505	2393.398694
795.400457	2391.901471
795.722364	2389.786707
796.044226	2393.887686
796.366042	2391.969527
796.687812	2393.353323
797.009538	2393.128992
797.331218	2392.224105
797.652852	2396.264590
797.974442	2394.066647
798.295986	2396.345248
798.617484	2393.980947
798.938938	2398.160064
799.260346	2392.508930
799.581709	2394.706873
799.903026	2396.637635
800.224299	2393.713766
800.545526	2395.153015
800.866708	2393.678478
801.187845	2396.249466
801.508936	2395.543705
801.829983	2394.754764
802.150984	2395.170659
802.471940	2396.259549
802.792851	2394.180073
803.113717	2394.195196
803.434538	2393.507079
803.755314	2395.982285
804.076045	2393.985988
804.396731	2396.677964
804.717372	2393.915412
805.037967	2393.403735
805.358518	2396.572100
805.679024	2393.338200
805.999485	2396.665362
806.319901	2393.817110
806.640272	2394.159908
806.960598	2392.395504
807.280879	2394.059085
807.601115	2394.848026
807.921306	2392.254352
808.241453	2394.916081
808.561554	2394.737120
808.881611	2394.933725
809.201623	2395.510937
809.521590	2394.966493
809.841513	2395.793242
810.161390	2394.837943
810.481223	2393.030690
810.801011	2394.429610
811.120755	2393.139074
811.440453	2395.939435
811.760107	2393.817110
812.079716	2393.365926
812.399281	2387.248486
812.718801	2391.167983
813.038276	2390.237890
813.357707	2393.633108
813.677093	2395.475649
813.996434	2394.764847
814.315731	2395.147974
814.634983	2393.456667
814.954191	2395.858777
815.273354	2395.289127
815.592473	2394.391801
815.911547	2394.903478
816.230577	2393.514640
816.549562	2395.331976
816.868502	2395.750392
817.187399	2394.429610
817.506250	2397.456823
817.825058	2396.506565
818.143821	2391.699825
818.462539	2395.173180
818.781213	2394.550598
819.099843	2396.272152
819.418429	2393.696122
819.736970	2393.607902
820.055466	2393.754095
820.373919	2393.597819
820.692327	2392.710576
821.010691	2395.798283
821.329011	2396.592265
821.647286	2398.482698
821.965517	2396.307440
822.283704	2396.917419
822.601847	2398.724673
822.919945	2400.695764
823.237999	2397.260218
823.556010	2397.625701
823.873976	2399.730383
824.191897	2396.995557
824.509775	2394.706873
824.827609	2397.769374
825.145398	2397.787018
825.463144	2394.169990
825.780845	2395.238715
826.098502	2398.081926
826.416116	2393.282747
826.733685	2396.100752
827.051210	2393.744013
827.368692	2397.545043
827.686129	2395.742830
828.003522	2394.001112
828.320872	2389.365771
828.638177	2393.257542
828.955439	2390.797458
829.272656	2391.561193
829.589830	2389.885010
829.906960	2397.378685
830.224046	2394.084291
830.541088	2394.835423
830.858086	2393.683519
831.175041	2395.447923
831.491952	2393.050854
831.808819	2394.709394
832.125642	2396.761143
832.442421	2394.762326
832.759157	2393.756616
833.075849	2393.481873
833.392497	2394.946328
833.709101	2394.996740
834.025662	2394.424569
834.342179	2394.394322
834.658653	2396.141082
834.975083	2395.994888
835.291469	2401.255332
835.607811	2394.648900
835.924110	2393.502037
836.240366	2392.488766
836.556578	2396.151164
836.872746	2391.949362
837.188871	2395.100083
837.504952	2392.934908
837.820990	2392.682850
838.136984	2393.244939
838.452935	2394.356513
838.768842	2392.609753
839.084706	2395.205948
839.400526	2395.054713
839.716303	2393.751575
840.032037	2395.740310
840.347727	2394.787532
840.663373	2392.672768
840.978977	2392.985319
841.294537	2394.298540
841.610054	2394.805176
841.925527	2394.918602
842.240957	2395.208468
842.556344	2394.996740
842.871687	2390.346275
843.186987	2393.680998
843.502244	2391.861142
843.817458	2393.640669
844.132629	2394.548077
844.447756	2393.595299
844.762840	2391.238559
845.077881	2390.555483
845.392879	2389.123795
845.707833	2392.650082
846.022745	2392.511451
846.337613	2393.008004
846.652438	2394.525392
846.967221	2393.333159
847.281960	2393.817110
847.596656	2392.027500
847.911309	2391.667058
848.225919	2393.756616
848.540485	2391.014228
848.855009	2393.073539
849.169490	2394.253169
849.483928	2393.222253
849.798323	2391.891389
850.112675	2394.356513
850.426984	2394.079250
850.741251	2393.048334
851.055474	2391.795607
851.369654	2394.774929
851.683792	2393.108828
851.997887	2393.857439
852.311938	2392.461039
852.625947	2389.728734
852.939914	2392.934908
853.253837	2393.199568
853.567718	2392.471122
853.881555	2395.415155
854.195350	2392.695453
854.509103	2394.595968
854.822812	2392.947511
855.136479	2394.003632
855.450103	2391.694784
855.763685	2393.096225
856.077224	2393.068498
856.390720	2392.052706
856.704173	2391.132695
857.017584	2391.087325
857.330953	2394.406925
857.644278	2392.166132
857.957561	2395.369785
858.270802	2391.478014
858.584000	2396.751061
858.897155	2394.220402
859.210268	2394.285937
859.523339	2389.786707
859.836367	2392.511451
860.149352	2390.537839
860.462295	2394.880793
860.775195	2389.088507
861.088054	2392.450957
861.400869	2392.115720
861.713642	2388.692777
862.026373	2394.016235
862.339062	2392.493807
862.651708	2393.285268
862.964312	2390.487428
863.276873	2395.934394
863.589392	2393.128992
863.901869	2395.319373
864.214303	2392.753426
864.526696	2391.719990
864.839045	2394.172511
865.151353	2391.236039
865.463619	2391.677140
865.775842	2392.672768
866.088023	2393.484393
866.400162	2394.953890
866.712258	2392.123282
867.024313	2391.984650
867.336325	2393.592778
867.648296	2393.766698
867.960224	2395.205947
868.272110	2393.280227
868.583954	2392.725700
868.895755	2393.290309
869.207515	2391.689743
869.519233	2394.653941
869.830909	2394.351472
870.142542	2391.949362
870.454134	2393.807027
870.765684	2390.290823
871.077191	2391.891389
871.388657	2395.528581
871.700081	2393.623025
872.011463	2392.239228
872.322803	2394.585886
872.634101	2391.813251
872.945357	2391.735113
873.256571	2392.753426
873.567744	2395.203427
873.878874	2394.974054
874.189963	2391.840977
874.501010	2392.340052
874.812015	2393.363406
875.122979	2391.533467
875.433900	2392.806358
875.744780	2392.859290
876.055618	2392.680329
876.366415	2394.288458
876.677169	2391.712428
876.987882	2390.764691
877.298554	2389.885010
877.609183	2388.959958
877.919771	2390.472304
878.230317	2390.961296
878.540822	2393.983468
878.851285	2392.829043
879.161707	2392.738303
879.472087	2393.736451
879.782425	2392.208982
880.092722	2392.594630
880.402977	2392.912223
880.713191	2395.352141
881.023363	2393.781822
881.333494	2396.589744
881.643583	2392.781153
881.953631	2393.207130
882.263637	2395.669734
882.573602	2393.484393
882.883526	2393.028169
883.193408	2395.223592
883.503248	2394.016235
883.813048	2392.713097
884.122806	2391.692263
884.432522	2393.232336
884.742197	2392.496327
885.051831	2394.258211
885.361424	2393.708725
885.670975	2391.979609
885.980485	2389.706049
886.289954	2392.118241
886.599382	2391.936759
886.908768	2392.917264
887.218113	2391.581358
887.527417	2393.008004
887.836680	2391.233518
888.145901	2388.672612
888.455082	2391.997253
888.764221	2392.057747
889.073319	2390.522716
889.382376	2395.372306
889.691392	2392.090514
890.000366	2393.728889
890.309300	2388.929711
890.618193	2393.991029
890.927044	2392.035062
891.235855	2392.554301
891.544625	2390.747047
891.853353	2389.849722
892.162041	2392.947511
892.470687	2390.986502
892.779293	2391.034393
893.087858	2390.245452
893.396381	2390.633621
893.704864	2388.690256
894.013306	2385.940307
894.321707	2393.446585
894.630068	2394.018756
894.938387	2393.197048
895.246665	2391.460370
895.554903	2394.061606
895.863100	2391.377191
896.171256	2392.024979
896.479371	2391.208312
896.787446	2392.733262
897.095480	2393.232336
897.403473	2393.418858
897.711425	2392.183776
898.019336	2393.156718
898.327207	2390.931049
898.635038	2391.631769
898.942827	2388.715462
899.250576	2391.132695
899.558284	2391.079763
899.865952	2390.293343
900.173579	2390.293343
900.481165	2393.897768
900.788711	2389.789228
901.096216	2392.728220
901.403681	2390.852911
901.711105	2392.967675
902.018489	2394.563200
902.325832	2392.156049
902.633135	2392.486245
902.940397	2393.560011
903.247619	2391.856101
903.554800	2388.816285
903.861941	2392.282078
904.169041	2391.843498
904.476101	2392.516492
904.783121	2392.859290
905.090100	2391.178066
905.397039	2392.947511
905.703938	2391.472973
906.010796	2391.694784
906.317614	2393.345762
906.624391	2391.825854
906.931129	2390.774773
907.237826	2390.404248
907.544483	2390.227808
907.851099	2392.834085
908.157675	2391.069681
908.464211	2390.300905
908.770707	2387.440050
909.077163	2390.477345
909.383578	2384.125491
909.689954	2390.792417
909.996289	2387.467776
910.302584	2393.232336
910.608839	2391.883827
910.915054	2391.465411
911.221229	2391.583878
911.527363	2389.489279
911.833458	2388.377705
912.139513	2391.409959
912.445527	2389.234701
912.751502	2394.081770
913.057436	2390.883158
913.363331	2393.156718
913.669186	2390.855432
913.975000	2391.702346
914.280775	2391.377191
914.586510	2389.247304
914.892205	2394.477501
915.197859	2391.243601
915.503475	2393.262583
915.809050	2390.694115
916.114585	2389.995915
916.420081	2393.358365
916.725536	2393.071019
917.030952	2391.914074
917.336328	2393.723848
917.641665	2393.691081
917.946961	2391.941800
918.252218	2394.316184
918.557435	2390.406769
918.862612	2392.322408
919.167750	2390.381563
919.472848	2389.731254
919.777906	2391.304094
920.082925	2391.649413
920.387904	2388.236552
920.692843	2390.134547
920.997743	2391.331821
921.302603	2391.911553
921.607423	2388.707900
921.912204	2393.733931
922.216946	2391.031872
922.521647	2391.848539
922.826310	2389.837119
923.130932	2390.353837
923.435516	2392.246790
923.740059	2391.278889
924.044564	2389.978271
924.349028	2391.719990
924.653454	2385.874772
924.957840	2387.583723
925.262186	2386.096582
925.566493	2391.097407
925.870761	2385.496685
926.174989	2390.005997
926.479178	2390.676471
926.783328	2391.843498
927.087438	2388.032386
927.391509	2390.520195
927.695541	2388.372663
927.999533	2389.396018
928.303486	2392.224105
928.607400	2389.232180
928.911275	2392.584547
929.215110	2389.743857
929.518906	2388.332334
929.822663	2390.754609
930.126381	2391.417520
930.430060	2391.881307
930.733699	2393.169321
931.037299	2391.399876
931.340861	2389.295195
931.644383	2392.072870
931.947866	2390.648744
932.251309	2389.496841
932.554714	2391.513302
932.858080	2389.247304
933.161407	2389.151522
933.464694	2388.463404
933.767943	2389.257386
934.071153	2392.098076
934.374323	2391.530946
934.677455	2392.796276
934.980548	2387.581202
935.283602	2388.455843
935.586617	2389.675802
935.889593	2390.555483
936.192530	2387.649258
936.495428	2388.992725
936.798287	2388.171017
937.101108	2391.150339
937.403890	2390.147150
937.706632	2389.539691
938.009336	2389.895092
938.312002	2391.505741
938.614628	2391.805689
938.917216	2392.249311
939.219765	2389.859804
939.522275	2391.392315
939.824747	2393.582696
940.127179	2390.096738
940.429573	2388.024824
940.731929	2389.958106
941.034246	2385.315204
941.336524	2389.012890
941.638763	2390.217726
941.940964	2390.822664
942.243126	2390.469783
942.545250	2390.807541
942.847335	2392.410628
943.149381	2390.366440
943.451389	2388.896943
943.753359	2390.880637
944.055290	2389.617828
944.357182	2390.835267
944.659036	2393.433982
944.960851	2390.396687
945.262628	2390.381563
945.564367	2390.494989
945.866067	2390.300905
946.167729	2390.500030
946.469352	2390.189999
946.770937	2390.555483
947.072484	2390.076573
947.373992	2388.695297
947.675462	2389.706049
947.976893	2392.929867
948.278286	2388.486089
948.579641	2391.208312
948.880958	2388.211347
949.182236	2388.917108
949.483476	2391.402397
949.784678	2389.070863
950.085841	2390.273178
950.386967	2389.227139
950.688054	2386.580533
950.989103	2391.495658
951.290114	2391.112531
951.591087	2390.447098
951.892021	2389.350647
952.192917	2388.912067
952.493776	2390.076573
952.794596	2389.620349
953.095378	2391.188148
953.396122	2390.069012
953.696828	2387.656820
953.997496	2389.030534
954.298126	2389.060781
954.598718	2390.505072
954.899272	2390.225288
955.199788	2388.937273
955.500266	2389.259907
955.800706	2386.313352
956.101108	2383.863351
956.401472	2385.763866
956.701798	2385.529453
957.002087	2382.431664
957.302337	2388.932232
957.602550	2388.758312
957.902724	2390.827705
958.202861	2389.375853
958.502960	2390.421893
958.803022	2390.517674
959.103045	2388.380225
959.403031	2388.738147
959.702979	2388.551624
960.002889	2391.404918
960.302762	2387.477859
960.602596	2389.128837
960.902393	2391.230998
961.202153	2391.402397
961.501875	2391.140257
961.801559	2390.013559
962.101205	2390.439537
962.400814	2389.678322
962.700385	2390.542880
962.999918	2389.085987
963.299414	2387.669423
963.598873	2389.708569
963.898293	2388.521377
964.197677	2388.818806
964.497022	2392.130844
964.796331	2388.418034
965.095601	2390.348796
965.394835	2389.096069
965.694030	2388.450801
965.993189	2390.258055
966.292309	2389.522047
966.591393	2391.513302
966.890439	2388.029865
967.189447	2389.554814
967.488419	2388.395349
967.787353	2392.695453
968.086249	2389.532129
968.385108	2387.795451
968.683930	2388.281923
968.982714	2389.753940
969.281462	2388.957437
969.580172	2389.338044
969.878844	2390.850391
970.177480	2388.662530
970.476078	2389.643034
970.774639	2392.254352
971.073162	2390.361399
971.371649	2386.918291
971.670098	2385.017776
971.968510	2386.330996
972.266885	2384.846376
972.565223	2390.731923
972.863524	2390.724362
973.161788	2390.069012
973.460014	2389.017931
973.758204	2388.506254
974.056356	2390.885679
974.354471	2390.406769
974.652550	2390.663868
974.950591	2389.839639
975.248595	2387.855945
975.546563	2388.014742
975.844493	2387.326624
976.142386	2390.119423
976.440243	2390.598333
976.738062	2389.811913
977.035845	2390.346275
977.333590	2387.936604
977.631299	2389.758981
977.928971	2388.985164
978.226606	2386.167159
978.524204	2392.216543
978.821765	2388.740668
979.119290	2390.623539
979.416777	2390.305946
979.714228	2387.687067
980.011642	2388.705380
980.309020	2391.593961
980.606360	2388.912067
980.903664	2389.433826
981.200931	2387.067005
981.498162	2391.248642
981.795356	2389.496841
982.092513	2389.761501
982.389633	2388.602036
982.686717	2390.333672
982.983764	2389.060781
983.280775	2389.446429
983.577749	2389.088507
983.874686	2390.600853
984.171587	2391.203271
984.468451	2390.908364
984.765279	2386.441902
985.062070	2387.961809
985.358824	2390.658827
985.655543	2390.883158
985.952224	2389.451470
986.248869	2388.468445
986.545478	2382.431664
986.842050	2385.410986
987.138586	2386.759494
987.435086	2386.953579
987.731549	2384.027189
988.027975	2387.533311
988.324366	2386.222611
988.620719	2389.464073
988.917037	2389.587582
989.213318	2387.001470
989.509563	2387.465256
989.805772	2385.809237
990.101944	2388.407952
990.398080	2389.902654
990.694180	2386.877961
990.990244	2388.060112
991.286271	2385.519370
991.582262	2388.055071
991.878217	2389.610267
992.174136	2386.094062
992.470019	2390.608415
992.765865	2387.906357
993.061676	2386.550286
993.357450	2387.371994
993.653188	2385.715975
993.948890	2389.385935
994.244556	2390.820144
994.540186	2392.503889
994.835780	2390.489948
995.131337	2389.418703
995.426859	2387.921480
995.722345	2390.920967
996.017795	2386.474669
996.313208	2390.184958
996.608586	2388.544063
996.903928	2389.716131
997.199234	2388.660009
997.494504	2391.069681
997.789738	2390.744526
998.084936	2388.717982
998.380099	2388.879299
998.675225	2387.561038
998.970316	2387.881151
999.265371	2387.989536
999.560390	2387.014073
999.855373	2388.644886
1000.150320	2388.612118
1000.445232	2391.319218
1000.740108	2385.569782
1001.034948	2387.664381
1001.329752	2385.907539
1001.624521	2387.792931
1001.919254	2383.810419
1002.213951	2385.814278
1002.508613	2384.531304
1002.803239	2389.834598
1003.097829	2381.872096
1003.392384	2387.949207
1003.686903	2386.222611
1003.981386	2390.126985
1004.275834	2389.234701
1004.570246	2386.746891
1004.864623	2386.903167
1005.158964	2389.711090
1005.453270	2385.685728
1005.747540	2388.102962
1006.041775	2385.642879
1006.335974	2386.782179
1006.630138	2390.764691
1006.924266	2387.167828
1007.218359	2387.369474
1007.512416	2390.958775
1007.806438	2386.877961
1008.100425	2387.833260
1008.394376	2388.571789
1008.688292	2388.808723
1008.982172	2389.930380
1009.276017	2390.530277
1009.569827	2388.544063
1009.863602	2390.868035
1010.157341	2387.190513
1010.451045	2386.963661
1010.744714	2390.832747
1011.038347	2389.310318
1011.331945	2387.351830
1011.625508	2389.453991
1011.919036	2387.573641
1012.212528	2389.471635
1012.505986	2386.073897
1012.799408	2386.888044
1013.092795	2386.053733
1013.386147	2384.690101
1013.679464	2386.585574
1013.972745	2387.850904
1014.265992	2390.109341
1014.559204	2389.728734
1014.852380	2388.596995
1015.145521	2389.401059
1015.438628	2391.281409
1015.731699	2389.716131
1016.024736	2388.773435
1016.317737	2387.364433
1016.610703	2390.487428
1016.903635	2383.460059
1017.196531	2385.095913
1017.489393	2387.981974
1017.782219	2383.518032
1018.075011	2387.432488
1018.367768	2387.583723
1018.660490	2389.358209
1018.953177	2389.358209
1019.245829	2389.358209
