Wavelength (nm)	EQE (%)	Current (A)	Dark Current (A) -> 	-880.987300000E-12	
400.000000	12.669321	-2.795158E-7
401.000000	14.054658	-4.169893E-7
402.000000	14.270513	-6.317398E-7
403.000000	14.319634	-9.641125E-7
404.000000	14.707010	-1.329195E-6
405.000000	15.090841	-1.800536E-6
406.000000	15.260699	-2.531319E-6
407.000000	15.481513	-2.798125E-6
408.000000	15.461129	-3.001395E-6
409.000000	15.780157	-3.450840E-6
410.000000	16.080613	-3.542107E-6
411.000000	16.543264	-4.780411E-6
412.000000	16.671708	-5.605709E-6
413.000000	16.926182	-7.441331E-6
414.000000	16.994652	-8.733597E-6
415.000000	17.128330	-8.842435E-6
416.000000	17.191818	-8.574873E-6
417.000000	17.477998	-7.697112E-6
418.000000	17.170810	-5.229633E-6
419.000000	17.548096	-3.856379E-6
420.000000	18.011194	-4.007977E-6
421.000000	18.392650	-4.465047E-6
422.000000	18.526123	-4.095219E-6
423.000000	18.769934	-4.288072E-6
424.000000	18.968355	-4.856316E-6
425.000000	19.317677	-5.269051E-6
426.000000	19.403389	-5.672466E-6
427.000000	19.641928	-6.021505E-6
428.000000	19.841192	-6.766966E-6
429.000000	20.170044	-7.618995E-6
430.000000	20.356756	-8.328312E-6
431.000000	20.636812	-8.589852E-6
432.000000	20.859251	-8.666003E-6
433.000000	21.200921	-8.969298E-6
434.000000	21.328345	-9.978723E-6
435.000000	21.542280	-1.033976E-5
436.000000	21.687176	-1.048334E-5
437.000000	21.938747	-1.151380E-5
438.000000	22.150679	-1.208492E-5
439.000000	22.389934	-1.202694E-5
440.000000	22.826906	-1.208159E-5
441.000000	22.993044	-1.340901E-5
442.000000	23.215422	-1.335035E-5
443.000000	23.392604	-1.287685E-5
444.000000	23.958450	-1.306917E-5
445.000000	23.960703	-1.302403E-5
446.000000	24.174600	-1.270626E-5
447.000000	24.444318	-1.439495E-5
448.000000	24.867768	-1.655272E-5
449.000000	24.933746	-1.552881E-5
450.000000	24.955973	-1.440050E-5
451.000000	25.907122	-1.605979E-5
452.000000	25.861918	-1.702076E-5
453.000000	25.962674	-1.614454E-5
454.000000	26.016756	-1.425878E-5
455.000000	26.376148	-1.485135E-5
456.000000	26.746332	-1.773337E-5
457.000000	26.189471	-1.978932E-5
458.000000	27.096840	-2.039825E-5
459.000000	27.277063	-1.946157E-5
460.000000	28.225737	-1.862932E-5
461.000000	28.031089	-1.753353E-5
462.000000	28.401597	-1.730300E-5
463.000000	28.734898	-1.752171E-5
464.000000	29.029902	-1.746087E-5
465.000000	29.455813	-1.813655E-5
466.000000	29.862099	-1.715080E-5
467.000000	29.896812	-1.409139E-5
468.000000	30.140096	-1.373571E-5
469.000000	31.253383	-1.826138E-5
470.000000	31.336129	-1.965222E-5
471.000000	31.278519	-1.516821E-5
472.000000	31.637490	-1.414600E-5
473.000000	32.296356	-1.952406E-5
474.000000	32.723972	-2.081342E-5
475.000000	32.553363	-1.616968E-5
476.000000	33.373413	-1.530497E-5
477.000000	33.697201	-1.820835E-5
478.000000	34.047562	-1.757703E-5
479.000000	33.795756	-1.687906E-5
480.000000	35.007181	-2.064422E-5
481.000000	34.987946	-2.059664E-5
482.000000	34.572839	-1.501114E-5
483.000000	35.645882	-1.535066E-5
484.000000	36.206144	-1.984621E-5
485.000000	36.284452	-1.709396E-5
486.000000	36.630994	-1.514006E-5
487.000000	36.989936	-1.806900E-5
488.000000	37.858101	-1.878874E-5
489.000000	37.595058	-1.600553E-5
490.000000	38.182434	-1.768759E-5
491.000000	38.098920	-1.972346E-5
492.000000	38.861254	-2.209766E-5
493.000000	39.089200	-2.383783E-5
494.000000	40.150898	-2.258746E-5
495.000000	39.276919	-2.107982E-5
496.000000	39.490119	-2.418890E-5
497.000000	40.204212	-2.634565E-5
498.000000	40.446587	-2.454943E-5
499.000000	40.596570	-2.373815E-5
500.000000	40.762227	-2.654476E-5
501.000000	40.627841	-3.241399E-5
502.000000	41.314581	-3.096726E-5
503.000000	41.128238	-2.874882E-5
504.000000	42.103795	-3.382365E-5
505.000000	42.247899	-3.851997E-5
506.000000	42.416545	-3.601809E-5
507.000000	42.235100	-2.935719E-5
508.000000	42.207365	-2.904238E-5
509.000000	43.184670	-2.987164E-5
510.000000	43.144363	-2.614109E-5
511.000000	43.298396	-2.303935E-5
512.000000	43.252533	-2.594088E-5
513.000000	43.907066	-2.990337E-5
514.000000	44.462336	-3.590193E-5
515.000000	44.355480	-4.220668E-5
516.000000	44.874184	-5.399977E-5
517.000000	44.879854	-6.453603E-5
518.000000	45.178329	-5.701628E-5
519.000000	44.924670	-4.644286E-5
520.000000	45.321384	-4.392218E-5
521.000000	44.894083	-3.405901E-5
522.000000	45.239184	-2.662840E-5
523.000000	44.571868	-2.447015E-5
524.000000	44.927937	-3.170294E-5
525.000000	45.962246	-4.507942E-5
526.000000	45.755383	-5.020431E-5
527.000000	46.304498	-5.457108E-5
528.000000	46.524842	-6.220713E-5
529.000000	46.546168	-6.003736E-5
530.000000	46.437218	-4.542374E-5
531.000000	46.406712	-3.392830E-5
532.000000	46.257677	-2.751156E-5
533.000000	46.297936	-2.846427E-5
534.000000	46.558105	-3.082264E-5
535.000000	46.745741	-3.945995E-5
536.000000	48.096106	-5.699219E-5
537.000000	47.713886	-5.750756E-5
538.000000	47.646583	-4.315804E-5
539.000000	47.565455	-4.248715E-5
540.000000	47.455038	-3.558318E-5
541.000000	47.294781	-3.103742E-5
542.000000	47.271993	-3.219428E-5
543.000000	47.838017	-3.822861E-5
544.000000	48.254294	-5.150774E-5
545.000000	48.095423	-5.613224E-5
546.000000	48.076755	-4.996033E-5
547.000000	48.566202	-5.050175E-5
548.000000	48.232154	-4.099077E-5
549.000000	47.848792	-2.970362E-5
550.000000	47.927480	-2.933062E-5
551.000000	47.753600	-3.241934E-5
552.000000	48.730154	-4.363176E-5
553.000000	48.750918	-5.330519E-5
554.000000	48.979025	-5.542378E-5
555.000000	49.108125	-5.591196E-5
556.000000	48.767223	-4.876109E-5
557.000000	48.319127	-3.832364E-5
558.000000	49.026281	-3.700035E-5
559.000000	48.401493	-4.071341E-5
560.000000	48.841741	-4.888633E-5
561.000000	49.255654	-5.788543E-5
562.000000	49.089835	-5.243200E-5
563.000000	48.856070	-5.122559E-5
564.000000	48.921087	-4.425136E-5
565.000000	48.602477	-3.418028E-5
566.000000	48.493082	-3.362861E-5
567.000000	49.046656	-3.635454E-5
568.000000	49.054837	-4.368243E-5
569.000000	49.280378	-5.039605E-5
570.000000	48.986998	-4.767576E-5
571.000000	48.540601	-4.412205E-5
572.000000	48.638028	-4.058726E-5
573.000000	48.131589	-3.272852E-5
574.000000	48.909268	-3.325387E-5
575.000000	48.854869	-3.864249E-5
576.000000	49.477282	-4.973836E-5
577.000000	49.324383	-5.519250E-5
578.000000	49.212765	-5.811650E-5
579.000000	48.971121	-5.419096E-5
580.000000	48.743085	-4.491827E-5
581.000000	49.060698	-4.030668E-5
582.000000	49.016843	-3.795957E-5
583.000000	49.416512	-4.240910E-5
584.000000	49.484353	-5.058504E-5
585.000000	49.072348	-5.349136E-5
586.000000	49.387765	-5.140924E-5
587.000000	49.377681	-4.876521E-5
588.000000	49.443975	-4.146729E-5
589.000000	48.871920	-3.912914E-5
590.000000	49.225765	-4.044792E-5
591.000000	48.293606	-5.834443E-5
592.000000	48.317124	-5.877926E-5
593.000000	48.018206	-5.855105E-5
594.000000	48.110149	-5.606165E-5
595.000000	48.512673	-5.500927E-5
596.000000	48.744474	-5.577732E-5
597.000000	49.131920	-5.775455E-5
598.000000	49.145017	-6.250355E-5
599.000000	48.976668	-6.672656E-5
600.000000	49.185411	-6.999350E-5
601.000000	48.560264	-7.154054E-5
602.000000	48.584010	-7.067276E-5
603.000000	48.176820	-6.889422E-5
604.000000	47.886422	-6.427010E-5
605.000000	48.288717	-6.168926E-5
606.000000	48.351792	-6.227735E-5
607.000000	48.378851	-6.355390E-5
608.000000	48.575347	-6.934239E-5
609.000000	48.644640	-7.535527E-5
610.000000	48.652794	-7.850418E-5
611.000000	48.848022	-8.117584E-5
612.000000	48.183473	-7.914627E-5
613.000000	47.828772	-7.523115E-5
614.000000	47.901050	-6.968693E-5
615.000000	47.836291	-6.554804E-5
616.000000	47.965981	-6.640243E-5
617.000000	47.736638	-6.991467E-5
618.000000	48.142901	-7.695052E-5
619.000000	47.668682	-8.153688E-5
620.000000	47.379473	-8.346170E-5
621.000000	46.907325	-8.471280E-5
622.000000	46.643495	-8.537449E-5
623.000000	46.639577	-8.704684E-5
624.000000	46.376438	-8.891399E-5
625.000000	46.044199	-9.316891E-5
626.000000	45.406075	-8.658785E-5
627.000000	43.389604	-8.497771E-5
628.000000	43.827779	-8.417394E-5
629.000000	43.988187	-8.452835E-5
630.000000	43.747161	-8.548688E-5
631.000000	43.367575	-8.846731E-5
632.000000	43.177212	-9.237635E-5
633.000000	43.160070	-9.486877E-5
634.000000	42.922918	-9.671695E-5
635.000000	42.666055	-9.573165E-5
636.000000	42.326412	-9.374843E-5
637.000000	42.258275	-9.340182E-5
638.000000	42.200760	-9.299997E-5
639.000000	41.882409	-9.340575E-5
640.000000	41.764586	-9.148537E-5
641.000000	41.618156	-8.952354E-5
642.000000	41.844642	-8.974311E-5
643.000000	41.695762	-8.965163E-5
644.000000	41.650944	-9.425465E-5
645.000000	41.641967	-9.848031E-5
646.000000	41.543215	-0.000101
647.000000	41.329947	-0.000101
648.000000	41.327428	-9.653935E-5
649.000000	41.337643	-9.333547E-5
650.000000	41.259306	-9.075098E-5
651.000000	41.462105	-9.263826E-5
652.000000	41.427394	-9.789938E-5
653.000000	41.532630	-0.000101
654.000000	41.299646	-0.000104
655.000000	41.104979	-9.971864E-5
656.000000	40.939894	-9.470003E-5
657.000000	40.910258	-9.310774E-5
658.000000	41.142341	-9.182323E-5
659.000000	41.092193	-9.684646E-5
660.000000	41.378135	-0.000105
661.000000	41.240499	-0.000109
662.000000	41.251977	-0.000111
663.000000	40.924404	-0.000105
664.000000	40.756685	-9.394695E-5
665.000000	40.920652	-8.931985E-5
666.000000	41.279327	-9.255895E-5
667.000000	41.311230	-9.993448E-5
668.000000	41.175740	-0.000108
669.000000	41.208543	-0.000113
670.000000	41.135106	-0.000110
671.000000	40.958592	-0.000101
672.000000	41.094068	-9.779785E-5
673.000000	40.923095	-9.558473E-5
674.000000	41.177354	-9.704786E-5
675.000000	41.308091	-0.000106
676.000000	41.100058	-0.000110
677.000000	40.979491	-0.000108
678.000000	41.055948	-0.000108
679.000000	40.685397	-9.982411E-5
680.000000	40.973716	-9.532329E-5
681.000000	40.965047	-0.000100
682.000000	40.917817	-0.000107
683.000000	40.794594	-0.000110
684.000000	40.788239	-0.000112
685.000000	40.447353	-0.000109
686.000000	40.365738	-9.825609E-5
687.000000	40.822214	-9.657215E-5
688.000000	40.827308	-0.000104
689.000000	40.716232	-0.000107
690.000000	40.693348	-0.000113
691.000000	40.452523	-0.000114
692.000000	40.520490	-0.000108
693.000000	40.406934	-0.000102
694.000000	40.588981	-9.677388E-5
695.000000	40.753756	-9.624734E-5
696.000000	40.808105	-0.000102
697.000000	40.937136	-0.000110
698.000000	40.902437	-0.000114
699.000000	40.883753	-0.000110
700.000000	41.037952	-0.000106
701.000000	40.898211	-0.000103
702.000000	40.791733	-9.815081E-5
703.000000	41.131073	-0.000102
704.000000	41.245328	-0.000112
705.000000	41.097806	-0.000114
706.000000	41.196119	-0.000109
707.000000	41.095429	-0.000109
708.000000	40.946969	-0.000106
709.000000	40.910319	-9.629604E-5
710.000000	41.055605	-9.749740E-5
711.000000	41.328163	-0.000115
712.000000	40.952115	-0.000121
713.000000	40.996600	-0.000114
714.000000	40.898459	-0.000105
715.000000	40.811668	-9.792562E-5
716.000000	40.961663	-9.917602E-5
717.000000	41.011374	-0.000102
718.000000	40.902488	-0.000108
719.000000	40.988725	-0.000113
720.000000	40.919737	-0.000113
721.000000	40.901074	-0.000112
722.000000	40.892801	-0.000106
723.000000	40.847328	-0.000100
724.000000	40.907526	-0.000102
725.000000	40.941512	-0.000107
726.000000	41.213234	-0.000111
727.000000	41.126854	-0.000114
728.000000	41.263405	-0.000113
729.000000	41.119970	-0.000107
730.000000	41.194874	-0.000103
731.000000	41.017895	-0.000101
732.000000	41.370636	-0.000103
733.000000	41.315477	-0.000108
734.000000	41.420336	-0.000113
735.000000	41.276334	-0.000111
736.000000	41.409160	-0.000109
737.000000	41.609866	-0.000107
738.000000	41.405385	-0.000103
739.000000	41.330436	-0.000102
740.000000	41.490111	-0.000104
741.000000	41.502102	-0.000107
742.000000	41.609294	-0.000109
743.000000	41.593921	-0.000107
744.000000	41.467256	-0.000102
745.000000	41.402057	-9.922071E-5
746.000000	41.566703	-9.690700E-5
747.000000	41.675673	-9.767442E-5
748.000000	41.656666	-0.000101
749.000000	41.581363	-0.000101
750.000000	41.678203	-0.000101
751.000000	41.665251	-9.926193E-5
752.000000	41.621589	-9.458756E-5
753.000000	41.643563	-9.191322E-5
754.000000	41.681128	-9.028462E-5
755.000000	41.730386	-9.100527E-5
756.000000	41.826955	-9.330905E-5
757.000000	41.652467	-9.301354E-5
758.000000	41.729584	-9.154143E-5
759.000000	41.710664	-8.949722E-5
760.000000	41.568754	-8.597947E-5
761.000000	41.696912	-8.322204E-5
762.000000	41.835795	-8.282460E-5
763.000000	41.830234	-8.414637E-5
764.000000	41.858497	-8.577923E-5
765.000000	41.761712	-8.545593E-5
766.000000	41.772527	-8.365466E-5
767.000000	41.758527	-8.169356E-5
768.000000	41.753472	-7.918233E-5
769.000000	41.862198	-7.787306E-5
770.000000	41.840467	-7.812698E-5
771.000000	41.930274	-7.930433E-5
772.000000	41.752396	-8.001462E-5
773.000000	41.735655	-7.930864E-5
774.000000	41.808812	-7.733757E-5
775.000000	41.755662	-7.411565E-5
776.000000	41.863969	-7.191733E-5
777.000000	41.915908	-7.236913E-5
778.000000	41.858418	-7.423409E-5
779.000000	41.870630	-7.618222E-5
780.000000	41.816708	-7.658912E-5
781.000000	41.777650	-7.473698E-5
782.000000	41.785164	-7.191099E-5
783.000000	41.853314	-6.965185E-5
784.000000	41.839399	-6.909697E-5
785.000000	41.816629	-7.102884E-5
786.000000	41.858932	-7.240826E-5
787.000000	41.870363	-7.296193E-5
788.000000	41.750716	-7.198341E-5
789.000000	41.839514	-6.918899E-5
790.000000	41.859936	-6.690697E-5
791.000000	41.922862	-6.611211E-5
792.000000	42.010212	-6.728870E-5
793.000000	41.894284	-6.941950E-5
794.000000	41.947795	-7.217367E-5
795.000000	41.777021	-7.305179E-5
796.000000	41.658478	-6.995511E-5
797.000000	41.740853	-6.757167E-5
798.000000	41.752747	-6.703794E-5
799.000000	41.777210	-6.790881E-5
800.000000	41.812331	-7.076358E-5
801.000000	41.712306	-7.395206E-5
802.000000	41.589804	-7.468674E-5
803.000000	41.668395	-7.279274E-5
804.000000	41.776135	-6.932360E-5
805.000000	41.944646	-6.695958E-5
806.000000	42.132202	-6.661245E-5
807.000000	42.170881	-6.870966E-5
808.000000	42.145343	-7.255640E-5
809.000000	42.075959	-7.372500E-5
810.000000	42.054769	-7.180580E-5
811.000000	42.098460	-6.951760E-5
812.000000	42.325482	-6.596778E-5
813.000000	42.413395	-6.417146E-5
814.000000	42.485191	-6.612563E-5
815.000000	42.422973	-6.849843E-5
816.000000	42.331125	-7.176019E-5
817.000000	42.430904	-7.209313E-5
818.000000	42.345751	-6.774683E-5
819.000000	42.510634	-6.436162E-5
820.000000	42.613444	-6.271424E-5
821.000000	42.629785	-6.335806E-5
822.000000	42.675238	-6.662688E-5
823.000000	42.586443	-7.001972E-5
824.000000	42.612624	-7.126659E-5
825.000000	42.666467	-6.958505E-5
826.000000	42.772993	-6.620726E-5
827.000000	42.622652	-6.449582E-5
828.000000	42.831174	-6.542684E-5
829.000000	42.785589	-6.682977E-5
830.000000	42.793889	-6.921581E-5
831.000000	42.761709	-7.107750E-5
832.000000	42.739421	-7.031503E-5
833.000000	42.819277	-6.782447E-5
834.000000	42.761675	-6.464059E-5
835.000000	42.947097	-6.274649E-5
836.000000	42.855035	-6.355291E-5
837.000000	42.929595	-6.600234E-5
838.000000	42.751625	-6.718934E-5
839.000000	42.777100	-6.769189E-5
840.000000	42.739067	-6.666136E-5
841.000000	42.919240	-6.427322E-5
842.000000	43.071069	-6.270320E-5
843.000000	43.028686	-6.350569E-5
844.000000	42.987739	-6.512513E-5
845.000000	42.814473	-6.604700E-5
846.000000	42.682954	-6.616262E-5
847.000000	42.816220	-6.545478E-5
848.000000	42.776128	-6.261846E-5
849.000000	42.692938	-5.997238E-5
850.000000	42.727953	-6.006476E-5
851.000000	42.593717	-6.082022E-5
852.000000	42.500122	-6.126161E-5
853.000000	42.388062	-6.178819E-5
854.000000	42.154141	-6.059735E-5
855.000000	42.169839	-5.845183E-5
856.000000	42.184697	-5.657706E-5
857.000000	42.055623	-5.536004E-5
858.000000	41.923654	-5.550570E-5
859.000000	41.844801	-5.608431E-5
860.000000	41.724907	-5.540784E-5
861.000000	41.562463	-5.358974E-5
862.000000	41.235270	-5.093926E-5
863.000000	41.143778	-4.853762E-5
864.000000	40.957010	-4.742183E-5
865.000000	40.766394	-4.712159E-5
866.000000	40.541894	-4.617582E-5
867.000000	40.019042	-4.554667E-5
868.000000	39.683337	-4.418948E-5
869.000000	39.593559	-4.196309E-5
870.000000	39.334941	-4.061118E-5
871.000000	38.988485	-3.938959E-5
872.000000	38.458235	-3.835411E-5
873.000000	38.217453	-3.827735E-5
874.000000	37.712485	-3.734118E-5
875.000000	37.390396	-3.604596E-5
876.000000	36.842409	-3.451487E-5
877.000000	36.371353	-3.301166E-5
878.000000	35.887570	-3.209485E-5
879.000000	35.333241	-3.120329E-5
880.000000	34.854573	-3.048201E-5
881.000000	34.302710	-2.987189E-5
882.000000	33.647891	-2.873527E-5
883.000000	33.031173	-2.778107E-5
884.000000	32.492544	-2.700175E-5
885.000000	31.850658	-2.574128E-5
886.000000	31.228499	-2.472588E-5
887.000000	30.574401	-2.432473E-5
888.000000	29.859156	-2.373984E-5
889.000000	29.170921	-2.299845E-5
890.000000	28.519623	-2.226883E-5
891.000000	27.933371	-2.146399E-5
892.000000	27.249074	-2.059452E-5
893.000000	26.429802	-1.992451E-5
894.000000	25.817632	-1.971943E-5
895.000000	25.044925	-1.915850E-5
896.000000	24.334652	-1.835233E-5
897.000000	23.567204	-1.778378E-5
898.000000	22.868069	-1.715181E-5
899.000000	22.138115	-1.653449E-5
900.000000	21.489264	-1.602905E-5
901.000000	20.772215	-1.539569E-5
902.000000	20.099956	-1.499980E-5
903.000000	19.419237	-1.437573E-5
904.000000	18.725422	-1.379784E-5
905.000000	18.061810	-1.346950E-5
906.000000	17.431463	-1.287158E-5
907.000000	16.768840	-1.237587E-5
908.000000	16.166028	-1.193115E-5
909.000000	15.569316	-1.140921E-5
910.000000	15.003485	-1.105414E-5
911.000000	14.398595	-1.059626E-5
912.000000	13.803607	-1.018459E-5
913.000000	13.280764	-9.880925E-6
914.000000	12.755523	-9.437500E-6
915.000000	12.242007	-9.044918E-6
916.000000	11.725047	-8.597694E-6
917.000000	11.224726	-8.124511E-6
918.000000	10.747671	-7.897800E-6
919.000000	10.305270	-7.569852E-6
920.000000	9.867477	-7.136966E-6
921.000000	9.426480	-6.864198E-6
922.000000	9.002792	-6.512096E-6
923.000000	8.613279	-6.155746E-6
924.000000	8.227633	-5.911044E-6
925.000000	7.869168	-5.590515E-6
926.000000	7.485038	-5.371828E-6
927.000000	7.172490	-5.158159E-6
928.000000	6.789847	-4.845176E-6
929.000000	6.512449	-4.651358E-6
930.000000	6.185414	-4.319441E-6
931.000000	5.885570	-4.037476E-6
932.000000	5.623115	-3.853347E-6
933.000000	5.356590	-3.624357E-6
934.000000	5.089368	-3.452639E-6
935.000000	4.855702	-3.276030E-6
936.000000	4.599932	-3.066156E-6
937.000000	4.377016	-2.931300E-6
938.000000	4.148532	-2.745261E-6
939.000000	3.941924	-2.581195E-6
940.000000	3.747530	-2.480335E-6
941.000000	3.562371	-2.343296E-6
942.000000	3.370708	-2.225345E-6
943.000000	3.202997	-2.104369E-6
944.000000	3.024372	-1.934852E-6
945.000000	2.865036	-1.814851E-6
946.000000	2.718705	-1.697628E-6
947.000000	2.575801	-1.585797E-6
948.000000	2.442078	-1.515408E-6
949.000000	2.311740	-1.428453E-6
950.000000	2.187823	-1.342142E-6
951.000000	2.070603	-1.264890E-6
952.000000	1.953118	-1.174299E-6
953.000000	1.847528	-1.111433E-6
954.000000	1.748437	-1.053394E-6
955.000000	1.649844	-9.822571E-7
956.000000	1.560581	-9.366736E-7
957.000000	1.471119	-8.737408E-7
958.000000	1.388963	-8.102062E-7
959.000000	1.312219	-7.565005E-7
960.000000	1.236523	-6.953221E-7
961.000000	1.165246	-6.502189E-7
962.000000	1.100158	-6.124580E-7
963.000000	1.038110	-5.737904E-7
964.000000	0.979601	-5.463173E-7
965.000000	0.924378	-5.091011E-7
966.000000	0.869144	-4.725790E-7
967.000000	0.820288	-4.459833E-7
968.000000	0.771282	-4.149418E-7
969.000000	0.724812	-3.899399E-7
970.000000	0.687408	-3.683225E-7
971.000000	0.647827	-3.407246E-7
972.000000	0.609888	-3.169911E-7
973.000000	0.574044	-2.925910E-7
974.000000	0.541559	-2.695573E-7
975.000000	0.509426	-2.509753E-7
976.000000	0.480708	-2.340210E-7
977.000000	0.454234	-2.206577E-7
978.000000	0.428307	-2.088944E-7
979.000000	0.402096	-1.953134E-7
980.000000	0.379146	-1.835943E-7
981.000000	0.357800	-1.718735E-7
982.000000	0.336557	-1.607496E-7
983.000000	0.318717	-1.527717E-7
984.000000	0.300736	-1.435477E-7
985.000000	0.283125	-1.338087E-7
986.000000	0.267031	-1.246428E-7
987.000000	0.252890	-1.154438E-7
988.000000	0.237680	-1.068111E-7
989.000000	0.225458	-1.002272E-7
990.000000	0.212189	-9.308254E-8
991.000000	0.200814	-8.833192E-8
992.000000	0.190043	-8.419941E-8
993.000000	0.179433	-8.008162E-8
994.000000	0.169520	-7.656194E-8
995.000000	0.160632	-7.288851E-8
996.000000	0.152030	-6.903511E-8
997.000000	0.143473	-6.537962E-8
998.000000	0.135843	-6.174535E-8
999.000000	0.128388	-5.852633E-8
1000.000000	0.121509	-5.512211E-8
1001.000000	0.115405	-5.189122E-8
1002.000000	0.109183	-4.898319E-8
1003.000000	0.103679	-4.602925E-8
1004.000000	0.098608	-4.325290E-8
1005.000000	0.093704	-4.106374E-8
1006.000000	0.088937	-3.914258E-8
1007.000000	0.084358	-3.757858E-8
1008.000000	0.080383	-3.615305E-8
1009.000000	0.076122	-3.425215E-8
1010.000000	0.072776	-3.282092E-8
1011.000000	0.068895	-3.107523E-8
1012.000000	0.065731	-2.966058E-8
1013.000000	0.062691	-2.864612E-8
1014.000000	0.059673	-2.749667E-8
1015.000000	0.056763	-2.612704E-8
1016.000000	0.054196	-2.504739E-8
1017.000000	0.051709	-2.416257E-8
1018.000000	0.049213	-2.361426E-8
1019.000000	0.047129	-2.329155E-8
1020.000000	0.044620	-2.302469E-8
1021.000000	0.042266	-2.236164E-8
1022.000000	0.040311	-2.147436E-8
1023.000000	0.038297	-2.063842E-8
1024.000000	0.036300	-2.006103E-8
1025.000000	0.034954	-1.999661E-8
1026.000000	0.033440	-1.992588E-8
1027.000000	0.032089	-2.003750E-8
1028.000000	0.030567	-2.015266E-8
1029.000000	0.029240	-2.023996E-8
1030.000000	0.027860	-2.006635E-8
1031.000000	0.026766	-1.976487E-8
1032.000000	0.025592	-1.916856E-8
1033.000000	0.024493	-1.824106E-8
1034.000000	0.023646	-1.703853E-8
1035.000000	0.022657	-1.553989E-8
1036.000000	0.021950	-1.403155E-8
1037.000000	0.021055	-1.266920E-8
1038.000000	0.020049	-1.157349E-8
1039.000000	0.019260	-1.073787E-8
1040.000000	0.018551	-1.014823E-8
1041.000000	0.017773	-9.634065E-9
1042.000000	0.017075	-9.192513E-9
1043.000000	0.016415	-8.775400E-9
1044.000000	0.015745	-8.419082E-9
1045.000000	0.015107	-8.145695E-9
1046.000000	0.014549	-7.969806E-9
1047.000000	0.013961	-7.872134E-9
1048.000000	0.013412	-7.823184E-9
1049.000000	0.012860	-7.739002E-9
1050.000000	0.012293	-7.611504E-9
1051.000000	0.011782	-7.433034E-9
1052.000000	0.011261	-7.299290E-9
1053.000000	0.010758	-7.278781E-9
1054.000000	0.010321	-7.224266E-9
1055.000000	0.009871	-7.190265E-9
1056.000000	0.009400	-7.270929E-9
1057.000000	0.009050	-7.383003E-9
1058.000000	0.008614	-7.450885E-9
1059.000000	0.008232	-7.781819E-9
1060.000000	0.007909	-8.460958E-9
1061.000000	0.007512	-9.477269E-9
1062.000000	0.007187	-1.125807E-8
1063.000000	0.006578	-1.713875E-8
1064.000000	0.006468	-2.919736E-8
1065.000000	0.006074	-3.221540E-8
1066.000000	0.005738	-2.067593E-8
1067.000000	0.005357	-1.163144E-8
1068.000000	0.005224	-8.339977E-9
1069.000000	0.005268	-6.397201E-9
1070.000000	0.005112	-5.123024E-9
1071.000000	0.005079	-4.379830E-9
1072.000000	0.005069	-3.950514E-9
1073.000000	0.005083	-3.584756E-9
1074.000000	0.004887	-3.252859E-9
1075.000000	0.004721	-2.994240E-9
1076.000000	0.004578	-2.797351E-9
1077.000000	0.004359	-2.608129E-9
1078.000000	0.004228	-2.474592E-9
1079.000000	0.004100	-2.348399E-9
1080.000000	0.003971	-2.224208E-9
1081.000000	0.003886	-2.104109E-9
1082.000000	0.003846	-2.025242E-9
1083.000000	0.003738	-1.935662E-9
1084.000000	0.003638	-1.846203E-9
1085.000000	0.003520	-1.770450E-9
1086.000000	0.003466	-1.736823E-9
1087.000000	0.003340	-1.648606E-9
1088.000000	0.003259	-1.590464E-9
1089.000000	0.003196	-1.556095E-9
1090.000000	0.003086	-1.489386E-9
1091.000000	0.003003	-1.435568E-9
1092.000000	0.002955	-1.395235E-9
1093.000000	0.002908	-1.359289E-9
1094.000000	0.002814	-1.304314E-9
1095.000000	0.002723	-1.241214E-9
1096.000000	0.002665	-1.201385E-9
1097.000000	0.002576	-1.168244E-9
1098.000000	0.002500	-1.132110E-9
1099.000000	0.002441	-1.130508E-9
1100.000000	0.002419	-1.149266E-9
