Wavelength (nm)	EQE (%)	Current (A)	Dark Current (A) -> 	-82.236832000E-12	
400.000000	29.568972	-6.523629E-7
401.000000	32.964276	-9.780210E-7
402.000000	33.305126	-1.474381E-6
403.000000	33.507137	-2.255969E-6
404.000000	33.942617	-3.067677E-6
405.000000	34.631525	-4.131997E-6
406.000000	34.933078	-5.794411E-6
407.000000	35.037127	-6.332602E-6
408.000000	35.315077	-6.855547E-6
409.000000	35.614388	-7.788234E-6
410.000000	35.440111	-7.806460E-6
411.000000	35.578975	-1.028105E-5
412.000000	36.061325	-1.212529E-5
413.000000	37.042009	-1.628494E-5
414.000000	37.229405	-1.913229E-5
415.000000	36.834383	-1.901561E-5
416.000000	36.569955	-1.824023E-5
417.000000	36.705465	-1.616467E-5
418.000000	35.261797	-1.073952E-5
419.000000	35.340780	-7.766509E-6
420.000000	35.962674	-8.002666E-6
421.000000	36.227680	-8.794725E-6
422.000000	35.829732	-7.920200E-6
423.000000	35.979114	-8.219583E-6
424.000000	36.256819	-9.282543E-6
425.000000	36.232221	-9.882628E-6
426.000000	35.993169	-1.052239E-5
427.000000	36.137953	-1.107859E-5
428.000000	36.003279	-1.227915E-5
429.000000	36.395529	-1.374798E-5
430.000000	36.267032	-1.483749E-5
431.000000	36.296934	-1.510821E-5
432.000000	36.414593	-1.512849E-5
433.000000	36.665477	-1.551176E-5
434.000000	36.667262	-1.715522E-5
435.000000	36.593788	-1.756411E-5
436.000000	36.671219	-1.772646E-5
437.000000	36.857945	-1.934363E-5
438.000000	36.891453	-2.012716E-5
439.000000	37.091595	-1.992406E-5
440.000000	37.255674	-1.971830E-5
441.000000	37.772833	-2.202824E-5
442.000000	37.363260	-2.148626E-5
443.000000	37.727713	-2.076785E-5
444.000000	37.170568	-2.027629E-5
445.000000	37.823144	-2.055907E-5
446.000000	37.946078	-1.994460E-5
447.000000	38.099561	-2.243635E-5
448.000000	38.508720	-2.563254E-5
449.000000	38.432639	-2.393596E-5
450.000000	38.116967	-2.199487E-5
451.000000	37.537636	-2.326953E-5
452.000000	39.069779	-2.571338E-5
453.000000	38.547171	-2.397004E-5
454.000000	38.315470	-2.099923E-5
455.000000	38.936696	-2.192369E-5
456.000000	39.156021	-2.596125E-5
457.000000	38.260677	-2.891058E-5
458.000000	39.312081	-2.959377E-5
459.000000	39.561950	-2.822656E-5
460.000000	39.956346	-2.637166E-5
461.000000	40.105132	-2.508588E-5
462.000000	40.062124	-2.440690E-5
463.000000	39.994205	-2.438731E-5
464.000000	40.564274	-2.439855E-5
465.000000	41.246632	-2.539640E-5
466.000000	40.824843	-2.344707E-5
467.000000	40.845901	-1.925207E-5
468.000000	40.606321	-1.850547E-5
469.000000	41.830638	-2.444168E-5
470.000000	41.998139	-2.633882E-5
471.000000	41.811922	-2.027628E-5
472.000000	41.496104	-1.855406E-5
473.000000	42.704257	-2.581593E-5
474.000000	42.680582	-2.714612E-5
475.000000	42.040088	-2.088186E-5
476.000000	42.183684	-1.934534E-5
477.000000	43.221196	-2.335466E-5
478.000000	42.452939	-2.191630E-5
479.000000	43.270227	-2.161102E-5
480.000000	43.671824	-2.575388E-5
481.000000	43.490844	-2.560211E-5
482.000000	42.782930	-1.857587E-5
483.000000	42.886051	-1.846859E-5
484.000000	44.247832	-2.425422E-5
485.000000	43.070217	-2.029080E-5
486.000000	43.567943	-1.800719E-5
487.000000	44.755100	-2.186216E-5
488.000000	44.837616	-2.225263E-5
489.000000	44.115359	-1.878145E-5
490.000000	44.637828	-2.067798E-5
491.000000	44.501602	-2.303807E-5
492.000000	44.933537	-2.555054E-5
493.000000	45.289206	-2.761879E-5
494.000000	44.573895	-2.507568E-5
495.000000	45.240745	-2.428059E-5
496.000000	45.813331	-2.806206E-5
497.000000	45.640230	-2.990785E-5
498.000000	45.884679	-2.785013E-5
499.000000	46.716100	-2.731644E-5
500.000000	45.770659	-2.980630E-5
501.000000	44.817496	-3.575661E-5
502.000000	45.741249	-3.428526E-5
503.000000	45.985503	-3.214407E-5
504.000000	45.973752	-3.693254E-5
505.000000	46.979667	-4.283421E-5
506.000000	46.766120	-3.971154E-5
507.000000	46.261112	-3.215563E-5
508.000000	45.924273	-3.159994E-5
509.000000	46.199104	-3.195678E-5
510.000000	45.482610	-2.755783E-5
511.000000	45.817498	-2.437978E-5
512.000000	46.449043	-2.785800E-5
513.000000	47.014191	-3.201951E-5
514.000000	47.187434	-3.810236E-5
515.000000	47.276025	-4.498574E-5
516.000000	47.966087	-5.772044E-5
517.000000	48.241293	-6.936969E-5
518.000000	47.972944	-6.054316E-5
519.000000	47.558502	-4.916570E-5
520.000000	47.937934	-4.645795E-5
521.000000	46.953985	-3.562176E-5
522.000000	46.921170	-2.761844E-5
523.000000	46.832306	-2.571114E-5
524.000000	47.073253	-3.321676E-5
525.000000	48.258869	-4.733193E-5
526.000000	47.961432	-5.262486E-5
527.000000	48.714516	-5.741135E-5
528.000000	48.851625	-6.531821E-5
529.000000	48.728872	-6.285271E-5
530.000000	48.603088	-4.754234E-5
531.000000	47.926065	-3.503911E-5
532.000000	47.645396	-2.833690E-5
533.000000	47.799759	-2.938760E-5
534.000000	48.592922	-3.216974E-5
535.000000	48.204764	-4.069157E-5
536.000000	49.688541	-5.887917E-5
537.000000	49.012529	-5.907276E-5
538.000000	48.933563	-4.432378E-5
539.000000	48.793866	-4.358441E-5
540.000000	48.554968	-3.640794E-5
541.000000	48.048360	-3.153196E-5
542.000000	48.290356	-3.288783E-5
543.000000	48.959255	-3.912462E-5
544.000000	49.386573	-5.271636E-5
545.000000	49.135718	-5.734637E-5
546.000000	49.108012	-5.103199E-5
547.000000	49.184308	-5.114449E-5
548.000000	49.549930	-4.211070E-5
549.000000	48.572735	-3.015303E-5
550.000000	48.928298	-2.994310E-5
551.000000	48.643482	-3.302347E-5
552.000000	49.651801	-4.445698E-5
553.000000	49.661108	-5.430041E-5
554.000000	49.957841	-5.653139E-5
555.000000	49.910260	-5.682523E-5
556.000000	50.055075	-5.004878E-5
557.000000	49.711940	-3.942833E-5
558.000000	49.660927	-3.747932E-5
559.000000	49.778627	-4.187180E-5
560.000000	50.197644	-5.024347E-5
561.000000	50.097099	-5.887430E-5
562.000000	50.053974	-5.346178E-5
563.000000	49.920848	-5.234201E-5
564.000000	49.691650	-4.494837E-5
565.000000	48.937615	-3.441597E-5
566.000000	49.743759	-3.449592E-5
567.000000	49.883259	-3.697465E-5
568.000000	49.610278	-4.417704E-5
569.000000	49.868357	-5.099734E-5
570.000000	49.858691	-4.852412E-5
571.000000	49.626377	-4.510899E-5
572.000000	49.251347	-4.109906E-5
573.000000	48.817433	-3.319488E-5
574.000000	49.341458	-3.354772E-5
575.000000	49.677775	-3.929338E-5
576.000000	50.057162	-5.032130E-5
577.000000	50.067218	-5.602371E-5
578.000000	49.948926	-5.898585E-5
579.000000	49.601165	-5.488816E-5
580.000000	49.162333	-4.530462E-5
581.000000	49.523679	-4.068705E-5
582.000000	49.714398	-3.849977E-5
583.000000	49.935565	-4.285455E-5
584.000000	50.072158	-5.118592E-5
585.000000	49.959114	-5.445798E-5
586.000000	50.072498	-5.212200E-5
587.000000	49.914074	-4.929495E-5
588.000000	49.350184	-4.138863E-5
589.000000	49.224535	-3.941146E-5
590.000000	49.659923	-4.080466E-5
591.000000	48.886536	-5.906076E-5
592.000000	49.124847	-5.976188E-5
593.000000	49.021149	-5.977399E-5
594.000000	49.086852	-5.719978E-5
595.000000	49.500330	-5.612919E-5
596.000000	49.612706	-5.677082E-5
597.000000	49.979322	-5.875067E-5
598.000000	50.048645	-6.365280E-5
599.000000	49.926819	-6.802106E-5
600.000000	49.824677	-7.090321E-5
601.000000	49.643325	-7.313614E-5
602.000000	49.482996	-7.198047E-5
603.000000	49.235980	-7.040885E-5
604.000000	49.429395	-6.634098E-5
605.000000	49.249016	-6.291605E-5
606.000000	49.601531	-6.388702E-5
607.000000	49.874461	-6.551864E-5
608.000000	50.209865	-7.167570E-5
609.000000	50.405020	-7.808227E-5
610.000000	50.773491	-8.192605E-5
611.000000	50.802434	-8.442369E-5
612.000000	50.258309	-8.255440E-5
613.000000	50.129503	-7.885003E-5
614.000000	50.201426	-7.303354E-5
615.000000	50.371785	-6.902232E-5
616.000000	50.356406	-6.971165E-5
617.000000	50.296656	-7.366405E-5
618.000000	50.700019	-8.103776E-5
619.000000	50.559261	-8.648119E-5
620.000000	50.441546	-8.885572E-5
621.000000	50.090970	-9.046234E-5
622.000000	49.940438	-9.140909E-5
623.000000	49.834024	-9.300887E-5
624.000000	49.595948	-9.508651E-5
625.000000	48.795171	-9.873541E-5
626.000000	49.191984	-9.380745E-5
627.000000	47.052055	-9.215055E-5
628.000000	47.715043	-9.163967E-5
629.000000	47.741655	-9.174107E-5
630.000000	47.251033	-9.233384E-5
631.000000	47.311350	-9.651238E-5
632.000000	46.817856	-0.000100
633.000000	46.685361	-0.000103
634.000000	46.435656	-0.000105
635.000000	45.987670	-0.000103
636.000000	45.661911	-0.000101
637.000000	45.486391	-0.000101
638.000000	45.285827	-9.979869E-5
639.000000	44.965935	-0.000100
640.000000	44.718988	-9.795699E-5
641.000000	44.493861	-9.570938E-5
642.000000	44.709222	-9.588670E-5
643.000000	44.589902	-9.587443E-5
644.000000	44.456577	-0.000101
645.000000	44.493634	-0.000105
646.000000	44.438292	-0.000108
647.000000	44.285322	-0.000108
648.000000	44.130362	-0.000103
649.000000	44.166313	-9.972227E-5
650.000000	44.096906	-9.699236E-5
651.000000	44.512115	-9.945286E-5
652.000000	44.451579	-0.000105
653.000000	44.568547	-0.000109
654.000000	44.335643	-0.000111
655.000000	44.332152	-0.000108
656.000000	44.491146	-0.000103
657.000000	44.405514	-0.000101
658.000000	44.487309	-9.928867E-5
659.000000	44.875460	-0.000106
660.000000	44.873562	-0.000114
661.000000	44.985405	-0.000119
662.000000	44.895963	-0.000121
663.000000	44.907687	-0.000115
664.000000	44.676243	-0.000103
665.000000	45.052321	-9.833828E-5
666.000000	45.538536	-0.000102
667.000000	45.826415	-0.000111
668.000000	45.632087	-0.000119
669.000000	45.859201	-0.000125
670.000000	45.780534	-0.000122
671.000000	45.596328	-0.000112
672.000000	45.847282	-0.000109
673.000000	45.834424	-0.000107
674.000000	46.044171	-0.000109
675.000000	46.486947	-0.000119
676.000000	46.203167	-0.000123
677.000000	46.169626	-0.000122
678.000000	46.322997	-0.000122
679.000000	46.016012	-0.000113
680.000000	46.309232	-0.000108
681.000000	46.595720	-0.000114
682.000000	46.769172	-0.000122
683.000000	46.705401	-0.000126
684.000000	46.668807	-0.000128
685.000000	46.432264	-0.000125
686.000000	46.390772	-0.000113
687.000000	46.732934	-0.000111
688.000000	46.956128	-0.000119
689.000000	47.040534	-0.000124
690.000000	47.020141	-0.000130
691.000000	46.965506	-0.000132
692.000000	46.991494	-0.000125
693.000000	46.748960	-0.000118
694.000000	46.986834	-0.000112
695.000000	47.330921	-0.000112
696.000000	47.615750	-0.000119
697.000000	47.519935	-0.000127
698.000000	47.608107	-0.000132
699.000000	47.673218	-0.000128
700.000000	47.940611	-0.000124
701.000000	47.732297	-0.000121
702.000000	47.696966	-0.000115
703.000000	48.059770	-0.000119
704.000000	48.254361	-0.000131
705.000000	48.053815	-0.000133
706.000000	48.450716	-0.000128
707.000000	48.456488	-0.000128
708.000000	48.384388	-0.000126
709.000000	48.290818	-0.000114
710.000000	48.627640	-0.000115
711.000000	48.885418	-0.000136
712.000000	48.277505	-0.000143
713.000000	48.705688	-0.000136
714.000000	48.509445	-0.000125
715.000000	48.471993	-0.000116
716.000000	48.973166	-0.000119
717.000000	48.937726	-0.000122
718.000000	48.912392	-0.000129
719.000000	49.057070	-0.000136
720.000000	48.879568	-0.000135
721.000000	48.993563	-0.000134
722.000000	48.907178	-0.000127
723.000000	48.866148	-0.000120
724.000000	48.946704	-0.000122
725.000000	48.815024	-0.000128
726.000000	49.312861	-0.000133
727.000000	48.943789	-0.000136
728.000000	49.195398	-0.000134
729.000000	49.084038	-0.000128
730.000000	49.087186	-0.000122
731.000000	49.130207	-0.000121
732.000000	49.432040	-0.000123
733.000000	49.126199	-0.000129
734.000000	49.291540	-0.000134
735.000000	49.468749	-0.000133
736.000000	49.271351	-0.000130
737.000000	49.367184	-0.000127
738.000000	49.201572	-0.000122
739.000000	49.329918	-0.000122
740.000000	49.398628	-0.000124
741.000000	49.622655	-0.000128
742.000000	49.587127	-0.000130
743.000000	49.412646	-0.000127
744.000000	49.400186	-0.000121
745.000000	49.251112	-0.000118
746.000000	49.423529	-0.000115
747.000000	49.466363	-0.000116
748.000000	49.611320	-0.000120
749.000000	49.416719	-0.000120
750.000000	49.491741	-0.000120
751.000000	49.496734	-0.000118
752.000000	49.390466	-0.000112
753.000000	49.417411	-0.000109
754.000000	49.493068	-0.000107
755.000000	49.394911	-0.000108
756.000000	49.776645	-0.000111
757.000000	49.479958	-0.000110
758.000000	49.513926	-0.000109
759.000000	49.634575	-0.000106
760.000000	49.531231	-0.000102
761.000000	49.477365	-9.875089E-5
762.000000	49.476919	-9.795215E-5
763.000000	49.465369	-9.950533E-5
764.000000	49.641656	-0.000102
765.000000	49.369914	-0.000101
766.000000	49.447019	-9.902378E-5
767.000000	49.405331	-9.665325E-5
768.000000	49.263608	-9.342474E-5
769.000000	49.351689	-9.180519E-5
770.000000	49.471032	-9.237522E-5
771.000000	49.319154	-9.327920E-5
772.000000	49.169298	-9.422843E-5
773.000000	49.186199	-9.346662E-5
774.000000	49.143586	-9.090537E-5
775.000000	49.097395	-8.714711E-5
776.000000	49.042108	-8.424852E-5
777.000000	49.010334	-8.461788E-5
778.000000	49.037623	-8.696610E-5
779.000000	49.005957	-8.916471E-5
780.000000	49.022231	-8.978635E-5
781.000000	48.903682	-8.748490E-5
782.000000	49.032981	-8.438426E-5
783.000000	49.000720	-8.154649E-5
784.000000	49.131157	-8.113917E-5
785.000000	49.006557	-8.324150E-5
786.000000	48.956767	-8.468621E-5
787.000000	48.813239	-8.506036E-5
788.000000	48.903166	-8.431512E-5
789.000000	48.770189	-8.065008E-5
790.000000	48.651632	-7.776250E-5
791.000000	48.733224	-7.685201E-5
792.000000	48.778482	-7.812959E-5
793.000000	48.746638	-8.077396E-5
794.000000	48.690922	-8.377562E-5
795.000000	48.614502	-8.500789E-5
796.000000	48.391389	-8.126137E-5
797.000000	48.551289	-7.859666E-5
798.000000	48.565218	-7.797600E-5
799.000000	48.405052	-7.868236E-5
800.000000	48.362744	-8.184956E-5
801.000000	48.355461	-8.572976E-5
802.000000	48.224010	-8.660041E-5
803.000000	48.128035	-8.407743E-5
804.000000	48.145815	-7.989349E-5
805.000000	48.267566	-7.705336E-5
806.000000	48.486215	-7.665836E-5
807.000000	48.351023	-7.877906E-5
808.000000	48.242339	-8.305284E-5
809.000000	48.115983	-8.430826E-5
810.000000	48.049485	-8.204139E-5
811.000000	47.959153	-7.919542E-5
812.000000	48.103923	-7.497396E-5
813.000000	47.999880	-7.262381E-5
814.000000	48.015724	-7.473357E-5
815.000000	48.068442	-7.761391E-5
816.000000	47.697973	-8.085813E-5
817.000000	47.755319	-8.113969E-5
818.000000	47.867983	-7.658157E-5
819.000000	47.607423	-7.207822E-5
820.000000	47.761400	-7.029049E-5
821.000000	47.687126	-7.087448E-5
822.000000	47.743883	-7.454032E-5
823.000000	47.520390	-7.813201E-5
824.000000	47.429820	-7.932301E-5
825.000000	47.369346	-7.725501E-5
826.000000	47.672980	-7.379183E-5
827.000000	47.215590	-7.144577E-5
828.000000	47.235896	-7.215528E-5
829.000000	47.268366	-7.383173E-5
830.000000	47.307186	-7.651572E-5
831.000000	47.180507	-7.842232E-5
832.000000	46.874186	-7.711756E-5
833.000000	46.789648	-7.411342E-5
834.000000	46.888172	-7.087840E-5
835.000000	46.926335	-6.856023E-5
836.000000	46.889616	-6.953609E-5
837.000000	46.731384	-7.184742E-5
838.000000	46.631448	-7.328695E-5
839.000000	46.494831	-7.357495E-5
840.000000	46.578472	-7.264979E-5
841.000000	46.395919	-6.947968E-5
842.000000	46.552291	-6.777119E-5
843.000000	46.574678	-6.873919E-5
844.000000	46.287468	-7.012412E-5
845.000000	46.347057	-7.149648E-5
846.000000	46.069870	-7.141266E-5
847.000000	46.228825	-7.067176E-5
848.000000	46.298318	-6.777447E-5
849.000000	46.291816	-6.502786E-5
850.000000	46.235600	-6.499563E-5
851.000000	46.216208	-6.599283E-5
852.000000	46.051501	-6.638073E-5
853.000000	45.941794	-6.696839E-5
854.000000	45.915464	-6.600432E-5
855.000000	45.943297	-6.368224E-5
856.000000	46.007703	-6.170438E-5
857.000000	46.000128	-6.055240E-5
858.000000	45.875161	-6.073738E-5
859.000000	45.855483	-6.145980E-5
860.000000	45.788217	-6.080364E-5
861.000000	45.862132	-5.913364E-5
862.000000	45.737088	-5.650050E-5
863.000000	45.782775	-5.401028E-5
864.000000	45.876887	-5.311828E-5
865.000000	45.630364	-5.274382E-5
866.000000	45.745748	-5.210283E-5
867.000000	45.656842	-5.196319E-5
868.000000	45.621063	-5.080145E-5
869.000000	45.651597	-4.838368E-5
870.000000	45.771949	-4.725704E-5
871.000000	45.653804	-4.612348E-5
872.000000	45.465638	-4.534254E-5
873.000000	45.382653	-4.545378E-5
874.000000	45.320692	-4.487448E-5
875.000000	45.329676	-4.369977E-5
876.000000	45.178997	-4.232479E-5
877.000000	44.965259	-4.081173E-5
878.000000	44.716434	-3.999065E-5
879.000000	44.551912	-3.934443E-5
880.000000	44.441018	-3.886582E-5
881.000000	44.131899	-3.843146E-5
882.000000	43.883838	-3.747676E-5
883.000000	43.508893	-3.659342E-5
884.000000	43.151887	-3.585981E-5
885.000000	42.832389	-3.461657E-5
886.000000	42.507377	-3.365619E-5
887.000000	41.678870	-3.315935E-5
888.000000	41.328206	-3.285843E-5
889.000000	40.852684	-3.220839E-5
890.000000	40.220314	-3.140502E-5
891.000000	39.611866	-3.043774E-5
892.000000	38.872508	-2.937937E-5
893.000000	38.210766	-2.880577E-5
894.000000	37.541636	-2.867419E-5
895.000000	36.517052	-2.793428E-5
896.000000	35.807520	-2.700476E-5
897.000000	34.716813	-2.619726E-5
898.000000	33.627153	-2.522148E-5
899.000000	32.807850	-2.450349E-5
900.000000	31.712565	-2.365471E-5
901.000000	30.602288	-2.268142E-5
902.000000	29.574290	-2.207012E-5
903.000000	28.421160	-2.103970E-5
904.000000	27.425638	-2.020860E-5
905.000000	26.346387	-1.964768E-5
906.000000	25.341587	-1.871250E-5
907.000000	24.222083	-1.787657E-5
908.000000	23.158090	-1.709156E-5
909.000000	22.174234	-1.624930E-5
910.000000	21.105092	-1.554963E-5
911.000000	20.182759	-1.485296E-5
912.000000	19.081879	-1.407901E-5
913.000000	18.267015	-1.359071E-5
914.000000	17.326521	-1.281947E-5
915.000000	16.471720	-1.217001E-5
916.000000	15.642516	-1.147028E-5
917.000000	14.715279	-1.065099E-5
918.000000	13.923757	-1.023171E-5
919.000000	13.230647	-9.718721E-6
920.000000	12.476657	-9.024138E-6
921.000000	11.792278	-8.586931E-6
922.000000	11.119182	-8.042969E-6
923.000000	10.525283	-7.522219E-6
924.000000	9.983437	-7.172480E-6
925.000000	9.399527	-6.677732E-6
926.000000	8.835320	-6.340892E-6
927.000000	8.376477	-6.024017E-6
928.000000	7.873327	-5.618338E-6
929.000000	7.433501	-5.309197E-6
930.000000	6.993965	-4.884074E-6
931.000000	6.565875	-4.504162E-6
932.000000	6.201417	-4.249640E-6
933.000000	5.830203	-3.944811E-6
934.000000	5.486777	-3.722242E-6
935.000000	5.190496	-3.501908E-6
936.000000	4.853424	-3.235125E-6
937.000000	4.573395	-3.062816E-6
938.000000	4.304781	-2.848657E-6
939.000000	4.037263	-2.643624E-6
940.000000	3.797741	-2.513568E-6
941.000000	3.580445	-2.355185E-6
942.000000	3.352874	-2.213571E-6
943.000000	3.160735	-2.076603E-6
944.000000	2.966749	-1.897987E-6
945.000000	2.778969	-1.760332E-6
946.000000	2.614522	-1.632574E-6
947.000000	2.454004	-1.510812E-6
948.000000	2.307556	-1.431932E-6
949.000000	2.164574	-1.337517E-6
950.000000	2.034959	-1.248366E-6
951.000000	1.914944	-1.169801E-6
952.000000	1.789715	-1.076054E-6
953.000000	1.680620	-1.011025E-6
954.000000	1.574570	-9.486428E-7
955.000000	1.482224	-8.824622E-7
956.000000	1.387294	-8.326654E-7
957.000000	1.303626	-7.742621E-7
958.000000	1.223034	-7.134170E-7
959.000000	1.144930	-6.600572E-7
960.000000	1.072677	-6.031885E-7
961.000000	1.008519	-5.627637E-7
962.000000	0.944716	-5.259235E-7
963.000000	0.885134	-4.892368E-7
964.000000	0.830203	-4.629991E-7
965.000000	0.779830	-4.294913E-7
966.000000	0.728463	-3.960866E-7
967.000000	0.684434	-3.721207E-7
968.000000	0.640149	-3.443936E-7
969.000000	0.598688	-3.220870E-7
970.000000	0.564398	-3.024123E-7
971.000000	0.528947	-2.781995E-7
972.000000	0.495186	-2.573746E-7
973.000000	0.465549	-2.372906E-7
974.000000	0.437296	-2.176610E-7
975.000000	0.409925	-2.019549E-7
976.000000	0.384273	-1.870738E-7
977.000000	0.361530	-1.756240E-7
978.000000	0.339329	-1.654983E-7
979.000000	0.317403	-1.541748E-7
980.000000	0.298346	-1.444686E-7
981.000000	0.280301	-1.346459E-7
982.000000	0.263021	-1.256264E-7
983.000000	0.247877	-1.188158E-7
984.000000	0.233360	-1.113876E-7
985.000000	0.218554	-1.032915E-7
986.000000	0.205109	-9.573926E-8
987.000000	0.193498	-8.833144E-8
988.000000	0.182062	-8.181680E-8
989.000000	0.171185	-7.610019E-8
990.000000	0.161476	-7.083618E-8
991.000000	0.152204	-6.695021E-8
992.000000	0.143672	-6.365441E-8
993.000000	0.135499	-6.047375E-8
994.000000	0.127986	-5.780354E-8
995.000000	0.120639	-5.474116E-8
996.000000	0.113683	-5.162235E-8
997.000000	0.107214	-4.885664E-8
998.000000	0.101177	-4.598868E-8
999.000000	0.095476	-4.352339E-8
1000.000000	0.090380	-4.100068E-8
1001.000000	0.085447	-3.842074E-8
1002.000000	0.080966	-3.632397E-8
1003.000000	0.076649	-3.402926E-8
1004.000000	0.072420	-3.176612E-8
1005.000000	0.068882	-3.018611E-8
1006.000000	0.065246	-2.871581E-8
1007.000000	0.062021	-2.762823E-8
1008.000000	0.058666	-2.638578E-8
1009.000000	0.055570	-2.500440E-8
1010.000000	0.052819	-2.382066E-8
1011.000000	0.049979	-2.254314E-8
1012.000000	0.047707	-2.152769E-8
1013.000000	0.045514	-2.079729E-8
1014.000000	0.043058	-1.984061E-8
1015.000000	0.040962	-1.885419E-8
1016.000000	0.039003	-1.802550E-8
1017.000000	0.037181	-1.737405E-8
1018.000000	0.035362	-1.696813E-8
1019.000000	0.033864	-1.673612E-8
1020.000000	0.032153	-1.659143E-8
1021.000000	0.030678	-1.623079E-8
1022.000000	0.029263	-1.558907E-8
1023.000000	0.027860	-1.501366E-8
1024.000000	0.026508	-1.464919E-8
1025.000000	0.025384	-1.452206E-8
1026.000000	0.024416	-1.454925E-8
1027.000000	0.023388	-1.460458E-8
1028.000000	0.022220	-1.464950E-8
1029.000000	0.021244	-1.470514E-8
1030.000000	0.020225	-1.456673E-8
1031.000000	0.019337	-1.427883E-8
1032.000000	0.018442	-1.381313E-8
1033.000000	0.017691	-1.317533E-8
1034.000000	0.016993	-1.224450E-8
1035.000000	0.016246	-1.114299E-8
1036.000000	0.015673	-1.001896E-8
1037.000000	0.015014	-9.034498E-9
1038.000000	0.014354	-8.285528E-9
1039.000000	0.013848	-7.720390E-9
1040.000000	0.013284	-7.266954E-9
1041.000000	0.012669	-6.867364E-9
1042.000000	0.012174	-6.553990E-9
1043.000000	0.011701	-6.255418E-9
1044.000000	0.011184	-5.980240E-9
1045.000000	0.010778	-5.811730E-9
1046.000000	0.010367	-5.679263E-9
1047.000000	0.009953	-5.612052E-9
1048.000000	0.009533	-5.560473E-9
1049.000000	0.009144	-5.502642E-9
1050.000000	0.008783	-5.438477E-9
1051.000000	0.008424	-5.314473E-9
1052.000000	0.008071	-5.231421E-9
1053.000000	0.007721	-5.223850E-9
1054.000000	0.007410	-5.186535E-9
1055.000000	0.007106	-5.176321E-9
1056.000000	0.006808	-5.266506E-9
1057.000000	0.006544	-5.338559E-9
1058.000000	0.006276	-5.428444E-9
1059.000000	0.006012	-5.683516E-9
1060.000000	0.005807	-6.211640E-9
1061.000000	0.005591	-7.054053E-9
1062.000000	0.005363	-8.400939E-9
1063.000000	0.004902	-1.277392E-8
1064.000000	0.004811	-2.172039E-8
1065.000000	0.004661	-2.472379E-8
1066.000000	0.004442	-1.600694E-8
1067.000000	0.004117	-8.938362E-9
1068.000000	0.004006	-6.395319E-9
1069.000000	0.003921	-4.761813E-9
1070.000000	0.003750	-3.758271E-9
1071.000000	0.003663	-3.159129E-9
1072.000000	0.003558	-2.773443E-9
1073.000000	0.003503	-2.470387E-9
1074.000000	0.003335	-2.219761E-9
1075.000000	0.003185	-2.019707E-9
1076.000000	0.003060	-1.869686E-9
1077.000000	0.002921	-1.747827E-9
1078.000000	0.002804	-1.641087E-9
1079.000000	0.002694	-1.542933E-9
1080.000000	0.002601	-1.456810E-9
1081.000000	0.002517	-1.362980E-9
1082.000000	0.002435	-1.282387E-9
1083.000000	0.002352	-1.218151E-9
1084.000000	0.002260	-1.147185E-9
1085.000000	0.002165	-1.089048E-9
1086.000000	0.002079	-1.041975E-9
1087.000000	0.001999	-9.865360E-10
1088.000000	0.001922	-9.379086E-10
1089.000000	0.001848	-8.996511E-10
1090.000000	0.001785	-8.612824E-10
1091.000000	0.001717	-8.208079E-10
1092.000000	0.001658	-7.828675E-10
1093.000000	0.001589	-7.427914E-10
1094.000000	0.001528	-7.082179E-10
1095.000000	0.001475	-6.724656E-10
1096.000000	0.001425	-6.423030E-10
1097.000000	0.001368	-6.203001E-10
1098.000000	0.001314	-5.950886E-10
1099.000000	0.001282	-5.935987E-10
1100.000000	0.001249	-5.933993E-10
