Dividing Wavelength (nm)	Counts (n)	Slit_number_16_of_a_total_of_40	
326.493990	1943.591660
326.888308	1943.591660
327.282561	1943.591660
327.676750	1917.402865
328.070874	1923.779925
328.464933	1924.586510
328.858929	1936.130752
329.252859	1941.222317
329.646726	1974.821608
330.040528	1983.895685
330.434265	1998.464619
330.827938	2026.468229
331.221547	2047.212577
331.615091	2069.469271
332.008571	2084.718762
332.401986	2102.841710
332.795338	2132.181225
333.188625	2148.691004
333.581847	2163.461585
333.975006	2182.466735
334.368100	2198.043900
334.761129	2216.796992
335.154095	2231.265104
335.546996	2247.396796
335.939833	2269.224992
336.332606	2278.929213
336.725315	2284.247631
337.117960	2296.774898
337.510540	2297.480660
337.903056	2304.059365
338.295508	2316.233752
338.687896	2325.106183
339.080220	2333.575321
339.472480	2330.248160
339.864676	2339.801146
340.256807	2346.279029
340.648875	2346.026971
341.040879	2340.027998
341.432818	2350.942096
341.824694	2342.019254
342.216506	2342.951867
342.608253	2342.699810
342.999937	2349.076869
343.391557	2343.582012
343.783113	2342.019254
344.174605	2339.901969
344.566033	2333.197235
344.957397	2338.818121
345.348697	2339.145796
345.739934	2323.493013
346.131106	2321.602581
346.522215	2332.995588
346.913260	2330.827892
347.304241	2334.961638
347.695159	2324.400421
348.086012	2325.131388
348.476802	2320.115440
348.867528	2316.561427
349.258191	2311.520273
349.648789	2316.485810
350.039324	2313.763587
350.429796	2318.149390
350.820203	2318.981181
351.210548	2312.200829
351.600828	2315.704431
351.991045	2312.049594
352.381198	2324.400421
352.771288	2318.174596
353.161314	2309.302165
353.551276	2312.805767
353.941175	2313.486323
354.331010	2313.209060
354.720782	2308.772844
355.110490	2311.116981
355.500135	2317.090748
355.889717	2312.578915
356.279235	2311.444656
356.668689	2313.032619
357.058080	2317.393217
357.447408	2317.342806
357.836672	2311.520273
358.225873	2315.452373
358.615010	2306.756383
359.004084	2316.435398
359.393095	2319.208033
359.782043	2318.779535
360.170927	2322.283137
360.559748	2322.736840
360.948505	2321.048054
361.337199	2320.745585
361.725830	2321.829433
362.114398	2328.861842
362.502903	2322.005873
362.891344	2317.544452
363.279722	2317.821715
363.668037	2327.450319
364.056289	2314.141673
364.444478	2337.910713
364.832603	2321.123671
365.220665	2322.383960
365.608665	2329.391163
365.996601	2326.643735
366.384474	2329.870073
366.772284	2330.348983
367.160031	2316.006900
367.547715	2326.265648
367.935336	2325.811944
368.322893	2328.282110
368.710388	2327.349496
369.097820	2332.642708
369.485189	2321.905050
369.872495	2327.525937
370.259738	2328.811431
370.646918	2330.222954
371.034035	2327.702377
371.421090	2329.769250
371.808081	2329.265135
372.195010	2335.566577
372.581875	2339.473471
372.968678	2341.994048
373.355418	2322.686429
373.742096	2335.390137
374.128710	2337.986331
374.515262	2328.433344
374.901751	2333.172029
375.288177	2335.314519
375.674540	2337.431804
376.060841	2327.727583
376.447079	2328.962665
376.833254	2328.634990
377.219367	2322.484783
377.605417	2338.566063
377.991404	2323.593837
378.377329	2330.046513
378.763191	2323.619042
379.148991	2341.162258
379.534727	2328.282110
379.920402	2339.297031
380.306013	2334.810404
380.691563	2339.549088
381.077049	2333.172029
381.462474	2339.523883
381.847835	2336.196721
382.233134	2336.726042
382.618371	2334.029025
383.003545	2342.573781
383.388657	2344.993535
383.773706	2338.187977
384.158693	2334.583552
384.543618	2341.212669
384.928480	2330.928715
385.313280	2337.305775
385.698017	2334.961638
386.082692	2334.482729
386.467305	2337.885508
386.851856	2339.145796
387.236344	2340.884994
387.620770	2338.969356
388.005133	2336.877277
388.389435	2338.742504
388.773674	2343.430777
389.157851	2347.035202
389.541965	2348.043433
389.926018	2336.852071
390.310008	2339.876763
390.693936	2333.978613
391.077802	2345.094358
391.461606	2338.918944
391.845348	2344.388596
392.229027	2352.328413
392.612645	2338.314006
392.996200	2340.305262
393.379694	2353.261027
393.763125	2349.429750
394.146494	2337.986331
394.529801	2339.271825
394.913047	2333.272852
395.296230	2346.707527
395.679351	2351.345388
396.062410	2349.959071
396.445408	2355.832015
396.828343	2348.446725
397.211217	2332.264621
397.594028	2334.785198
397.976778	2349.757425
398.359466	2340.784171
398.742092	2341.011023
399.124656	2344.993535
399.507158	2342.598987
399.889598	2347.060408
400.271977	2353.739937
400.654294	2349.202898
401.036549	2345.699296
401.418742	2353.815554
401.800874	2340.027998
402.182944	2354.294463
402.564952	2351.093331
402.946898	2350.967302
403.328783	2353.387056
403.710606	2354.168435
404.092367	2354.143229
404.474067	2350.085100
404.855705	2347.211642
405.237282	2345.522856
405.618797	2348.371108
406.000250	2341.288287
406.381642	2353.008969
406.762972	2348.976046
407.144240	2353.034175
407.525447	2351.723475
407.906593	2358.554238
408.287677	2357.546008
408.668700	2361.100021
409.049661	2347.413288
409.430560	2355.277488
409.811399	2357.772860
410.192176	2352.252796
410.572891	2357.016687
410.953545	2355.680781
411.334138	2356.890658
411.714669	2349.076869
412.095139	2351.698269
412.475547	2366.115969
412.855894	2352.278002
413.236180	2357.999712
413.616405	2361.578931
413.996568	2358.201358
414.376670	2353.639113
414.756711	2358.075329
415.136691	2355.025431
415.516609	2360.469877
415.896466	2358.982737
416.276262	2361.377285
416.655997	2356.562983
417.035670	2361.730165
417.415283	2361.679754
417.794834	2351.446212
418.174324	2364.250742
418.553753	2355.075842
418.933121	2360.444671
419.312428	2359.688498
419.691674	2364.754858
420.070859	2363.620598
420.449983	2362.133458
420.829045	2362.284692
421.208047	2360.948787
421.586988	2365.964735
421.965867	2364.049096
422.344686	2363.822244
422.723444	2372.997144
423.102141	2365.586648
423.480777	2369.241485
423.859352	2367.754344
424.237866	2376.399923
424.616319	2371.963708
424.994712	2370.678213
425.373044	2370.224510
425.751314	2374.433873
426.129524	2363.066071
426.507673	2370.400950
426.885762	2363.141688
427.263789	2372.341794
427.641756	2380.054760
428.019662	2369.947246
428.397508	2383.205481
428.775292	2377.080479
429.153016	2377.004862
429.530679	2379.928731
429.908282	2367.073788
430.285824	2387.036758
430.663305	2392.279558
431.040726	2395.682337
431.418086	2397.799621
431.795385	2394.018756
432.172624	2405.487381
432.549802	2399.412790
432.926920	2411.587177
433.303977	2417.838208
433.680974	2425.173087
434.057910	2433.012081
434.434786	2444.505912
434.811601	2444.178237
435.188355	2469.257977
435.565050	2468.552215
435.941683	2479.315079
436.318257	2505.251815
436.694770	2510.469410
437.071222	2533.734335
437.447614	2542.606765
437.823946	2568.266238
438.200218	2585.985894
438.576429	2615.401027
438.952580	2639.447331
439.328670	2663.014725
439.704700	2702.436548
440.080670	2719.878940
440.456580	2778.557971
440.832429	2812.006027
441.208218	2826.045640
441.583947	2870.029708
441.959616	2913.081162
442.335224	2981.943323
442.710773	3015.366173
443.086261	3098.948504
443.461689	3120.121350
443.837057	3187.420754
444.212365	3280.530865
444.587612	3337.596727
444.962800	3386.924417
445.337927	3486.537617
445.712995	3474.312819
446.088002	3655.063390
446.462949	3767.077829
446.837837	3871.354096
447.212664	4011.094881
447.587431	4384.946850
447.962139	4673.981406
448.336786	4860.655333
448.711374	4782.139362
449.085901	4593.927883
449.460369	4756.681535
449.834776	4952.051452
450.209124	5316.400846
450.583412	5304.276871
450.957640	5421.912196
451.331808	5428.112815
451.705917	5400.638527
452.079965	5535.842273
452.453954	5705.527512
452.827883	5833.421585
453.201752	5904.728706
453.575562	6051.527106
453.949311	6321.909392
454.323001	6482.772612
454.696632	6572.656385
455.070202	6937.887981
455.443713	7092.626198
455.817164	7302.590256
456.190556	7492.036817
456.563888	7478.022410
456.937160	7635.785319
457.310373	7458.538350
457.683526	7649.976167
458.056619	7771.568798
458.429653	7912.519460
458.802628	8179.650202
459.175542	8339.807660
459.548398	8745.444104
459.921194	9219.186537
460.293930	9511.144962
460.666607	10039.256238
461.039224	10462.914808
461.411782	10549.950329
461.784280	10343.565490
462.156719	10301.093769
462.529099	10287.961563
462.901419	10106.480025
463.273680	10012.538123
463.645882	10208.765037
464.018024	10337.516106
464.390106	10804.730244
464.762130	11902.920404
465.134094	13315.628152
465.505999	14758.708852
465.877845	15799.782738
466.249631	15952.353260
466.621358	15321.553679
466.993026	14817.715558
467.364634	14323.984950
467.736184	13941.991517
468.107674	13672.113346
468.479105	13534.666287
468.850477	13342.472296
469.221790	12977.669198
469.593043	12531.627906
469.964238	12346.063033
470.335373	12502.111950
470.706449	13567.408581
471.077467	14639.662004
471.448425	15733.794035
471.819324	15911.746765
472.190164	15062.211519
472.560945	14057.736410
472.931667	13238.548910
473.302330	13024.627546
473.672934	12825.602792
474.043479	13046.203685
474.413965	12795.557515
474.784393	12660.051300
475.154761	12940.742746
475.525070	12940.415071
475.895321	12769.847631
476.265513	12920.628542
476.635645	13172.358560
477.005719	13149.975837
477.375734	13266.275256
477.745691	13450.655458
478.115588	13856.342313
478.485427	14631.117248
478.855207	15641.717360
479.224928	16234.758698
479.594591	16374.978392
479.964194	15791.464835
480.333739	15807.142823
480.703226	15875.727721
481.072653	16020.156779
481.442022	15945.522496
481.811333	15792.599094
482.180584	15333.349979
482.549777	15102.691985
482.918912	14850.231000
483.287988	14650.349250
483.657005	14323.405217
484.025964	14042.738977
484.394864	13941.512608
484.763706	13769.458027
485.132489	13429.659052
485.501213	13303.731029
485.869879	13238.952202
486.238487	13067.830235
486.607036	13028.811704
486.975527	12759.437648
487.343959	12719.587327
487.712333	12650.246256
488.080648	12521.091894
488.448905	12547.305894
488.817104	12416.992067
489.185244	12694.104294
489.553326	13164.973269
489.921350	13674.180219
490.289315	14138.520900
490.657222	14020.557900
491.025070	13846.108771
491.392861	13393.009863
491.760593	12905.681521
492.128267	12365.496681
492.495883	11942.342227
492.863440	11554.097763
493.230939	11146.772533
493.598380	10808.309463
493.965763	10645.883487
494.333088	10388.633406
494.700354	10180.736221
495.067563	10015.310758
495.434713	9855.052477
495.801805	9760.757694
496.168839	9564.329135
496.535815	9379.747287
496.902733	9277.235423
497.269593	9061.877331
497.636395	8944.544475
498.003139	8871.951860
498.369825	8654.274837
498.736453	8571.121004
499.103023	8369.701702
499.469535	8236.161537
499.835989	8110.183102
500.202385	7923.710821
500.568723	7802.823952
500.935003	7705.454065
501.301226	7537.306379
501.667390	7488.608833
502.033497	7376.417954
502.399546	7152.893192
502.765537	6923.974396
503.131470	6841.778383
503.497345	6756.179590
503.863163	6482.268496
504.228923	6435.486588
504.594625	6345.073494
504.960269	6118.221571
505.325856	6072.523512
505.691385	5897.242592
506.056856	5797.755421
506.422270	5710.593871
506.787625	5550.537237
507.152924	5441.219815
507.518164	5344.328838
507.883347	5189.540210
508.248472	5094.590077
508.613540	5012.066388
508.978550	4925.938275
509.343503	4822.418181
509.708398	4723.863623
510.073236	4661.050846
510.438016	4562.723140
510.802738	4445.768371
511.167403	4390.265267
511.532010	4307.691167
511.896561	4245.054831
512.261053	4191.744629
512.625488	4102.591823
512.989866	4016.463710
513.354186	3950.248154
513.718449	3872.085063
514.082655	3840.098942
514.446803	3759.415275
514.810894	3707.894683
515.174927	3665.851460
515.538904	3592.099379
515.902822	3561.726427
516.266684	3505.719208
516.630488	3462.062815
516.994235	3417.095723
517.357925	3382.160527
517.721558	3343.293231
518.085133	3321.994356
518.448651	3279.094137
518.812112	3237.302971
519.175516	3193.999460
519.538863	3182.833304
519.902152	3137.790594
520.265385	3123.246865
520.628560	3093.075560
520.991678	3057.787483
521.354739	3039.790563
521.717743	3015.895494
522.080690	2989.681494
522.443580	2979.296717
522.806413	2956.233438
523.169189	2933.220571
523.531908	2916.105854
523.894569	2907.813156
524.257174	2888.908829
524.619722	2868.895448
524.982213	2856.418592
525.344647	2837.312619
525.707025	2826.322904
526.069345	2808.855306
526.431608	2798.117648
526.793815	2775.482867
527.155964	2764.871238
527.518057	2760.157760
527.880093	2745.261150
528.242072	2734.044583
528.603995	2726.331617
528.965860	2708.964842
529.327669	2707.023998
529.689421	2690.766277
530.051117	2676.751869
530.412755	2668.181908
530.774337	2670.576456
531.135862	2655.226142
531.497331	2636.094963
531.858743	2630.247225
532.220098	2626.239508
532.581396	2610.032198
532.942638	2608.872733
533.303824	2602.369644
533.664953	2594.253387
534.026025	2587.246183
534.387040	2579.684452
534.747999	2574.744121
535.108902	2569.198852
535.469748	2554.100596
535.830537	2557.352140
536.191270	2543.589790
536.551947	2541.699358
536.912567	2538.926723
537.273131	2527.231246
537.633638	2518.384021
537.994089	2522.089269
538.354483	2517.779083
538.714821	2507.898421
539.075103	2515.334123
539.435328	2510.721467
539.795497	2504.193173
540.155609	2496.429796
540.515665	2508.629388
540.875665	2497.034735
541.235609	2487.885040
541.595496	2484.633496
541.955328	2488.464773
542.315102	2477.626292
542.674821	2480.499750
543.034483	2473.795015
543.394090	2479.365490
543.753640	2473.190077
544.113134	2471.929788
544.472571	2464.317646
544.831953	2472.408698
545.191278	2459.251287
545.550548	2464.746144
545.909761	2469.308388
546.268918	2461.267748
546.628019	2458.873200
546.987064	2442.186981
547.346053	2453.882458
547.704986	2454.008487
548.063863	2456.604681
548.422684	2453.907663
548.781449	2447.833073
549.140158	2453.000256
549.498811	2438.002823
549.857408	2446.724019
550.215949	2447.152517
550.574434	2445.362908
550.932864	2431.046031
551.291237	2435.860333
551.649555	2443.094388
552.007817	2436.490477
552.366022	2447.253340
552.724173	2430.012594
553.082267	2442.363421
553.440305	2427.592840
553.798288	2427.542429
554.156215	2436.994592
554.514086	2425.223498
554.871902	2436.591300
555.229661	2430.012594
555.587365	2427.744075
555.945014	2427.265165
556.302606	2421.845925
556.660143	2436.666917
557.017625	2423.660740
557.375050	2427.088725
557.732421	2428.626277
558.089735	2429.987388
558.446994	2424.593354
558.804197	2424.089238
559.161345	2424.946235
559.518437	2421.669485
559.875474	2414.158165
560.232455	2421.971954
560.589381	2421.140163
560.946251	2428.147367
561.303065	2416.678742
561.659825	2414.611869
562.016528	2418.821233
562.373177	2421.165369
562.729770	2408.386044
563.086307	2416.401479
563.442789	2410.730181
563.799216	2410.175654
564.155587	2412.242527
564.511904	2416.678742
564.868164	2405.815056
565.224370	2412.797054
565.580520	2409.696744
565.936615	2414.334606
566.292654	2407.024933
566.648638	2417.636562
567.004567	2414.813515
567.360441	2408.864954
567.716260	2411.234296
568.072023	2410.730181
568.427732	2403.092833
568.783385	2402.135013
569.138982	2409.570715
569.494525	2403.092833
569.850013	2405.336146
570.205445	2415.771335
570.560823	2406.419994
570.916145	2400.899931
571.271412	2410.931827
571.626625	2413.830490
571.981782	2405.663821
572.336884	2409.923596
572.691931	2409.091806
573.046923	2410.024419
573.401860	2407.932340
573.756743	2410.982238
574.111570	2405.915879
574.466342	2410.100037
574.821059	2401.782133
575.175722	2402.790363
575.530330	2415.872158
575.884882	2406.848492
576.239380	2410.553740
576.593823	2404.554767
576.948211	2412.141704
577.302544	2403.521331
577.656823	2409.495098
578.011047	2402.412277
578.365216	2406.092319
578.719330	2399.286762
579.073389	2393.439023
579.427394	2406.495612
579.781344	2398.001267
580.135239	2402.311454
580.489080	2396.766185
580.842866	2400.017729
581.196597	2404.101063
581.550273	2398.354148
581.903895	2397.698798
582.257463	2404.731208
582.610975	2405.310940
582.964434	2407.150962
583.317837	2398.001267
583.671186	2396.388098
584.024481	2397.824827
584.377721	2398.505383
584.730906	2399.992523
585.084037	2402.487894
585.437113	2394.900958
585.790135	2400.698285
586.143103	2397.623181
586.496016	2399.412790
586.848874	2394.043962
587.201679	2398.278531
587.554428	2389.784187
587.907124	2402.008985
588.259765	2387.440050
588.612352	2401.454458
588.964884	2397.850033
589.317362	2398.959087
589.669786	2393.136554
590.022155	2395.127810
590.374470	2398.681823
590.726731	2392.758467
591.078937	2393.917933
591.431090	2396.463715
591.783188	2390.968858
592.135232	2388.801162
592.487222	2397.144271
592.839157	2390.389125
593.191038	2399.110321
593.542866	2386.532642
593.894639	2398.404560
594.246358	2394.623694
594.598022	2398.228119
594.949633	2393.287788
595.301190	2391.019269
595.652692	2395.657131
596.004141	2398.883469
596.355535	2400.673079
596.706876	2394.321225
597.058162	2395.430279
597.409395	2395.556308
597.760573	2397.119065
598.111698	2394.321225
598.462768	2394.371637
598.813785	2391.472973
599.164748	2388.901985
599.515657	2394.926163
599.866511	2400.118552
600.217312	2393.817110
600.568060	2396.841802
600.918753	2400.168963
601.269392	2394.321225
601.619978	2391.321738
601.970510	2393.388612
602.320988	2392.077912
602.671412	2401.177194
603.021783	2388.322252
603.372100	2403.470919
603.722363	2383.054246
604.072572	2401.177194
604.422728	2391.346944
604.772830	2393.968344
605.122878	2388.775956
605.472872	2388.120606
605.822813	2393.086142
606.172701	2394.976575
606.522534	2392.279558
606.872314	2386.305790
607.222041	2393.338200
607.571714	2389.028013
607.921333	2402.084602
608.270899	2395.405073
608.620411	2391.422562
608.969870	2397.371123
609.319276	2388.624721
609.668627	2391.750237
610.017926	2395.833571
610.367171	2395.934394
610.716362	2392.808879
611.065500	2389.053219
611.414585	2388.775956
611.763616	2393.489435
612.112594	2391.346944
612.461518	2401.731721
612.810389	2387.036758
613.159207	2398.681823
613.507971	2395.581513
613.856682	2395.354662
614.205340	2394.573283
614.553945	2396.539333
614.902496	2389.078425
615.250994	2389.380894
615.599439	2391.170504
615.947830	2395.757954
616.296169	2392.203940
616.644454	2393.363406
616.992686	2400.572256
617.340864	2392.052706
617.688990	2400.521844
618.037063	2392.380381
618.385082	2395.657131
618.733048	2400.320198
619.080961	2390.565565
619.428821	2406.419994
619.776628	2389.935421
620.124382	2399.034704
620.472083	2393.691081
620.819731	2386.809906
621.167326	2391.120092
621.514868	2400.799108
621.862357	2401.025960
622.209793	2398.681823
622.557176	2393.817110
622.904506	2396.262069
623.251783	2393.514640
623.599007	2392.909702
623.946179	2391.876265
624.293297	2399.614437
624.640363	2385.347971
624.987376	2390.767212
625.334336	2394.951369
625.681243	2392.556821
626.028097	2393.968344
626.374899	2391.069681
626.721647	2392.481204
627.068343	2398.001267
627.414987	2392.783673
627.761577	2397.824827
628.108115	2392.254352
628.454600	2390.111862
628.801032	2393.993550
629.147412	2388.044988
629.493739	2385.221942
629.840014	2390.061450
630.186236	2393.161760
630.532405	2392.103117
630.878521	2396.236863
631.224585	2397.824827
631.570597	2384.768238
631.916556	2395.808365
632.262462	2395.102604
632.608316	2401.202400
632.954117	2394.472460
633.299866	2386.734288
633.645562	2388.271840
633.991206	2388.952396
634.336797	2393.514640
634.682336	2390.565565
635.027823	2387.540873
635.373257	2392.733262
635.718639	2387.843342
636.063968	2390.968858
636.409245	2387.944165
636.754470	2396.337687
637.099642	2388.347458
637.444762	2393.993550
637.789829	2377.685417
638.134845	2396.287275
638.479808	2395.984806
638.824719	2391.851060
639.169577	2392.405587
639.514383	2386.457025
639.859137	2394.648900
640.203839	2393.590258
640.548489	2395.379867
640.893086	2394.094373
641.237632	2390.641183
641.582125	2386.608260
641.926566	2381.415871
642.270955	2389.431306
642.615292	2393.186965
642.959576	2390.994063
643.303809	2383.507950
643.647990	2387.692108
643.992118	2389.859804
644.336195	2387.414844
644.680219	2387.339227
645.024192	2385.978115
645.368112	2390.212685
645.711981	2388.977602
646.055797	2382.524925
646.399562	2396.161246
646.743274	2385.070708
647.086935	2402.613923
647.430544	2387.213198
647.774101	2394.371637
648.117606	2391.523385
648.461059	2384.667415
648.804460	2397.144271
649.147810	2390.162273
649.491108	2389.632952
649.834354	2393.791904
650.177548	2388.271840
650.520690	2393.287788
650.863781	2386.961140
651.206820	2389.859804
651.549807	2397.497152
651.892742	2391.901471
652.235626	2388.649927
652.578458	2384.415358
652.921238	2394.371637
653.263967	2387.162787
653.606644	2387.666902
653.949269	2388.750750
654.291843	2388.725544
654.634365	2386.557848
654.976836	2400.572256
655.319255	2391.750237
655.661622	2392.884496
656.003938	2389.582540
656.346203	2389.355688
656.688416	2385.877292
657.030577	2391.296533
657.372687	2393.514640
657.714746	2397.295506
658.056753	2388.473487
658.398708	2383.583567
658.740612	2384.188506
659.082465	2382.474513
659.424266	2389.607746
659.766016	2379.475027
660.107715	2391.195710
660.449362	2395.707542
660.790958	2388.423075
661.132503	2385.045502
661.473996	2389.935421
661.815438	2387.440050
662.156829	2393.287788
662.498168	2394.018756
662.839456	2390.061450
663.180693	2387.666902
663.521879	2389.305277
663.863013	2388.775956
664.204097	2393.539846
664.545129	2388.952396
664.886110	2385.448794
665.227040	2393.867521
665.567918	2390.162273
665.908746	2394.296019
666.249522	2394.296019
666.590248	2399.589231
666.930922	2392.203940
667.271545	2398.051679
667.612118	2389.960627
667.952639	2391.624208
668.293109	2391.901471
668.633528	2393.439023
668.973896	2386.608260
669.314213	2394.018756
669.654480	2391.750237
669.994695	2387.288815
670.334859	2393.086142
670.674973	2385.952910
671.015035	2388.574310
671.355047	2388.675133
671.695008	2401.429252
672.034918	2386.583054
672.374777	2393.186965
672.714585	2383.079452
673.054342	2393.791904
673.394049	2388.775956
673.733705	2385.398383
674.073310	2391.321738
674.412864	2390.288302
674.752368	2385.347971
675.091820	2391.120092
675.431223	2387.364433
675.770574	2393.186965
676.109875	2381.894781
676.449125	2394.169990
676.788324	2385.322765
677.127473	2389.532129
677.466571	2385.852087
677.805619	2389.481717
678.144616	2389.355688
678.483562	2389.229660
678.822458	2384.995090
679.161303	2386.885523
679.500098	2389.229660
679.838842	2390.590771
680.177535	2389.557335
680.516179	2394.043962
680.854771	2386.406613
681.193314	2391.573796
681.531805	2392.582027
681.870247	2387.994577
682.208638	2394.900958
682.546978	2394.346431
682.885268	2385.726058
683.223508	2385.902498
683.561697	2382.903012
683.899836	2398.530588
684.237925	2393.035731
684.575963	2393.766698
684.913951	2397.572769
685.251889	2387.061963
685.589776	2392.808879
685.927614	2394.043962
686.265401	2401.252812
686.603137	2393.892727
686.940824	2395.354662
687.278460	2388.549104
687.616046	2383.659185
687.953582	2391.951883
688.291068	2395.405073
688.628504	2403.370096
688.965889	2396.665362
689.303224	2395.329456
689.640510	2398.379354
689.977745	2388.196223
690.314930	2388.851573
690.652065	2392.455998
690.989150	2384.768238
691.326185	2398.278531
691.663170	2389.834598
692.000105	2394.976575
692.336990	2390.111862
692.673825	2385.398383
693.010610	2395.203427
693.347345	2390.363919
693.684030	2379.550644
694.020665	2384.339740
694.357251	2390.868035
694.693786	2385.927704
695.030272	2379.626262
695.366707	2387.868548
695.703093	2388.196223
696.039429	2390.011038
696.375716	2388.423075
696.711952	2391.296533
697.048139	2388.246635
697.384276	2379.071735
697.720363	2385.045502
698.056400	2389.028013
698.392388	2381.693135
698.728326	2375.038812
699.064214	2385.221942
699.400053	2384.238917
699.735842	2382.499719
700.071581	2383.054246
700.407270	2380.911756
700.742910	2383.810419
701.078501	2380.382435
701.414042	2380.810933
701.749533	2388.044988
702.084974	2386.104144
702.420366	2383.633979
702.755709	2384.440563
703.091002	2380.785727
703.426246	2380.886550
703.761440	2381.995604
704.096584	2386.003321
704.431679	2371.762062
704.766725	2386.608260
705.101721	2383.457538
705.436668	2386.305790
705.771565	2389.103631
706.106413	2381.667929
706.441212	2388.876779
706.775961	2380.558875
707.110661	2379.626262
707.445311	2389.809392
707.779913	2382.247662
708.114465	2378.063504
708.448967	2382.398896
708.783421	2377.307331
709.117825	2386.028527
709.452180	2389.179248
709.786485	2381.793958
710.120742	2383.936448
710.454949	2388.675133
710.789107	2379.550644
711.123216	2390.792417
711.457275	2385.902498
711.791286	2373.576877
712.125247	2388.372663
712.459159	2383.180275
712.793023	2388.876779
713.126837	2384.490975
713.460602	2395.430279
713.794318	2386.431819
714.127985	2382.121633
714.461602	2389.632952
714.795171	2380.357229
715.128691	2384.591798
715.462162	2388.700338
715.795584	2384.264123
716.128957	2386.129350
716.462281	2383.205481
716.795556	2383.533156
717.128782	2381.894781
717.461960	2390.439537
717.795088	2380.684904
718.128167	2382.323279
718.461198	2377.206508
718.794180	2382.449308
719.127113	2387.666902
719.459997	2379.928731
719.792833	2386.532642
720.125619	2387.011552
720.458357	2383.760008
720.791046	2382.247662
721.123686	2380.205994
721.456278	2381.894781
721.788821	2384.264123
722.121315	2380.105171
722.453761	2375.895808
722.786158	2377.836652
723.118506	2367.905579
723.450805	2379.449821
723.783056	2378.819677
724.115259	2381.315048
724.447412	2379.374204
724.779518	2378.492002
725.111574	2376.072248
725.443582	2376.021837
725.775542	2381.768752
726.107453	2382.398896
726.439315	2377.962681
726.771129	2380.735315
727.102895	2378.618031
727.434612	2386.784700
727.766281	2382.146838
728.097901	2384.062477
728.429473	2379.878319
728.760996	2375.996631
729.092471	2378.819677
729.423897	2381.894781
729.755276	2376.147865
730.086606	2378.088710
730.417887	2380.079965
730.749120	2375.265663
731.080305	2384.995090
731.411442	2382.298073
731.742530	2374.963194
732.073570	2385.045502
732.404562	2388.246635
732.735506	2383.986860
733.066401	2381.894781
733.397249	2385.650440
733.728048	2389.179248
734.058798	2376.475540
734.389501	2376.702392
734.720156	2376.702392
735.050762	2375.391692
735.381320	2376.299100
735.711831	2380.079965
736.042293	2381.189019
736.372707	2385.121119
736.703073	2380.281612
737.033391	2380.936962
737.363661	2372.745087
737.693883	2380.281612
738.024056	2383.482744
738.354182	2381.088196
738.684260	2382.802188
739.014290	2376.450335
739.344272	2383.104658
739.674207	2385.423588
740.004093	2375.996631
740.333931	2380.105171
740.663722	2388.725544
740.993464	2375.542927
741.323159	2384.591798
741.652806	2383.633979
741.982405	2376.828421
742.311956	2381.264637
742.641460	2383.155069
742.970915	2383.054246
743.300323	2379.777496
743.629683	2379.727085
743.958996	2376.651981
744.288260	2384.768238
744.617477	2383.029040
744.946647	2375.643750
745.275768	2380.760521
745.604842	2373.702906
745.933869	2371.510004
746.262847	2373.148379
746.591778	2370.048069
746.920662	2376.248688
747.249498	2386.835112
747.578286	2374.811960
747.907027	2374.862371
748.235720	2377.105685
748.564365	2377.962681
748.892963	2384.163300
749.221514	2379.046529
749.550017	2381.945192
749.878473	2374.257433
750.206881	2376.626775
750.535242	2382.424102
750.863555	2377.156096
751.191821	2379.727085
751.520039	2376.147865
751.848210	2370.375744
752.176334	2369.745600
752.504411	2375.013606
752.832440	2378.517208
753.160421	2371.862885
753.488356	2372.165354
753.816243	2376.778010
754.144082	2372.770292
754.471875	2377.332537
754.799620	2366.141175
755.127318	2381.264637
755.454969	2383.407127
755.782572	2384.188506
756.110129	2377.080479
756.437638	2371.837679
756.765100	2376.651981
757.092515	2368.208048
757.419882	2382.701365
757.747203	2376.273894
758.074477	2376.929244
758.401703	2380.205994
758.728882	2378.139121
759.056014	2367.199817
759.383099	2376.047042
759.710138	2373.602083
760.037129	2378.290356
760.364073	2374.534696
760.690970	2377.887063
761.017820	2377.987887
761.344623	2377.508977
761.671379	2377.887063
761.998088	2361.881400
762.324751	2383.734802
762.651366	2379.096940
762.977935	2390.817623
763.304456	2387.893754
763.630931	2399.110321
763.957359	2394.270813
764.283740	2383.558362
764.610074	2384.944679
764.936362	2378.895294
765.262602	2384.717827
765.588796	2381.567106
765.914943	2367.376258
766.241044	2375.946219
766.567097	2374.459079
766.893104	2370.753831
767.219064	2374.736342
767.544978	2370.501773
767.870845	2371.459592
768.196665	2384.465769
768.522438	2374.585108
768.848165	2378.819677
769.173846	2368.107225
769.499479	2375.114429
769.825066	2372.669469
770.150607	2368.838192
770.476101	2369.619571
770.801548	2371.207535
771.126949	2373.551671
771.452303	2368.485312
771.777611	2380.382435
772.102872	2371.308358
772.428087	2378.416385
772.753256	2374.080992
773.078378	2367.502287
773.403453	2370.350538
773.728482	2371.762062
774.053465	2370.199304
774.378401	2372.165354
774.703291	2375.971425
775.028135	2368.485312
775.352932	2372.215765
775.677683	2371.963708
776.002388	2373.677700
776.327046	2367.955990
776.651658	2371.283152
776.976224	2370.199304
777.300743	2370.930271
777.625216	2370.300127
777.949643	2366.015146
778.274024	2363.015660
778.598359	2371.333563
778.922647	2367.426669
779.246889	2367.199817
779.571086	2372.316588
779.895236	2368.434900
780.219339	2375.316075
780.543397	2375.139635
780.867409	2369.241485
781.191374	2375.769779
781.515294	2376.097454
781.839167	2367.754344
782.162995	2370.854654
782.486776	2378.466796
782.810511	2372.392206
783.134201	2360.469877
783.457844	2375.568133
783.781441	2363.166894
784.104993	2364.049096
784.428498	2370.350538
784.751958	2368.258460
785.075372	2368.838192
785.398739	2374.080992
785.722061	2361.805783
786.045337	2376.399923
786.368568	2368.939015
786.691752	2369.417925
787.014891	2373.828935
787.337983	2365.359796
787.661030	2369.745600
787.984031	2376.450335
788.306987	2367.779550
788.629897	2373.022350
788.952760	2375.870602
789.275579	2374.559902
789.598351	2368.939015
789.921078	2369.644777
790.243759	2375.694162
790.566395	2372.694675
790.888984	2362.687985
791.211529	2367.577904
791.534027	2369.115456
791.856480	2367.124200
792.178888	2369.896835
792.501249	2366.166381
792.823566	2368.132431
793.145836	2368.636546
793.468062	2367.426669
793.790241	2373.828935
794.112375	2365.863912
794.434464	2363.343335
794.756507	2368.107225
795.078505	2368.939015
795.400457	2373.375231
795.722364	2367.275435
796.044226	2367.703933
796.366042	2364.880887
796.687812	2364.704446
797.009538	2372.694675
797.331218	2372.392206
797.652852	2368.712163
797.974442	2373.223996
798.295986	2371.358769
798.617484	2368.233254
798.938938	2368.384488
799.260346	2368.838192
799.581709	2365.939529
799.903026	2376.299100
800.224299	2373.173585
800.545526	2367.225023
800.866708	2362.990454
801.187845	2363.746627
801.508936	2375.038812
801.829983	2370.728625
802.150984	2370.350538
802.471940	2367.426669
802.792851	2361.755371
803.113717	2368.712163
803.434538	2367.149406
803.755314	2365.410208
804.076045	2366.115969
804.396731	2371.963708
804.717372	2371.333563
805.037967	2366.040352
805.358518	2364.931298
805.679024	2363.872656
805.999485	2369.644777
806.319901	2364.351565
806.640272	2369.417925
806.960598	2364.301154
807.280879	2369.745600
807.601115	2367.754344
807.921306	2369.039838
808.241453	2372.719881
808.561554	2365.964735
808.881611	2369.770806
809.201623	2369.695188
809.521590	2366.317615
809.841513	2365.258973
810.161390	2376.273894
810.481223	2362.662779
810.801011	2366.443644
811.120755	2366.796525
811.440453	2368.006402
811.760107	2363.519775
812.079716	2373.350025
812.399281	2363.066071
812.718801	2364.250742
813.038276	2363.368540
813.357707	2367.754344
813.677093	2362.940042
813.996434	2371.257946
814.315731	2367.023377
814.634983	2360.822758
814.954191	2369.241485
815.273354	2376.198277
815.592473	2367.653521
815.911547	2369.922040
816.230577	2365.712677
816.549562	2377.156096
816.868502	2362.209075
817.187399	2372.291383
817.506250	2361.755371
817.825058	2374.660725
818.143821	2366.468850
818.462539	2370.350538
818.781213	2376.954450
819.099843	2364.250742
819.418429	2373.526465
819.736970	2371.585621
820.055466	2378.618031
820.373919	2376.904038
820.692327	2390.767212
821.010691	2396.136040
821.329011	2409.142217
821.647286	2440.372165
821.965517	2440.019285
822.283704	2448.992538
822.601847	2443.270829
822.919945	2432.381937
823.237999	2419.905081
823.556010	2410.402506
823.873976	2399.589231
824.191897	2406.319171
824.509775	2397.497152
824.827609	2385.877292
825.145398	2396.539333
825.463144	2381.415871
825.780845	2388.675133
826.098502	2386.935935
826.416116	2394.497665
826.733685	2407.932340
827.051210	2389.456512
827.368692	2391.422562
827.686129	2384.743033
828.003522	2377.080479
828.320872	2378.290356
828.638177	2377.156096
828.955439	2371.383975
829.272656	2379.348998
829.589830	2364.074302
829.906960	2367.149406
830.224046	2361.578931
830.541088	2373.173585
830.858086	2366.494056
831.175041	2369.065044
831.491952	2373.627288
831.808819	2368.434900
832.125642	2368.334077
832.442421	2369.644777
832.759157	2373.602083
833.075849	2382.172044
833.392497	2378.794471
833.709101	2379.979142
834.025662	2383.457538
834.342179	2381.693135
834.658653	2376.147865
834.975083	2374.610313
835.291469	2386.154556
835.607811	2373.854140
835.924110	2366.720908
836.240366	2374.887577
836.556578	2370.980683
836.872746	2365.611854
837.188871	2364.679240
837.504952	2364.074302
837.820990	2359.260000
838.136984	2368.460106
838.452935	2367.325846
838.768842	2369.065044
839.084706	2369.115456
839.400526	2374.786754
839.716303	2372.745087
840.032037	2366.746113
840.347727	2381.264637
840.663373	2373.249202
840.978977	2368.964221
841.294537	2369.115456
841.610054	2358.050123
841.925527	2367.603110
842.240957	2363.923067
842.556344	2365.989940
842.871687	2364.326360
843.186987	2378.088710
843.502244	2365.914323
843.817458	2358.655062
844.132629	2361.402490
844.447756	2368.989427
844.762840	2360.116996
845.077881	2366.720908
845.392879	2358.428210
845.707833	2366.241998
846.022745	2357.999712
846.337613	2363.192100
846.652438	2366.922554
846.967221	2367.880373
847.281960	2365.687471
847.596656	2369.947246
847.911309	2362.335104
848.225919	2363.444158
848.540485	2361.150433
848.855009	2362.133458
849.169490	2365.057327
849.483928	2363.973479
849.798323	2365.813500
850.112675	2358.150946
850.426984	2365.637060
850.741251	2364.376771
851.055474	2360.469877
851.369654	2356.033662
851.683792	2362.083046
851.997887	2366.040352
852.311938	2363.973479
852.625947	2367.351052
852.939914	2366.166381
853.253837	2358.680267
853.567718	2362.662779
853.881555	2365.914323
854.195350	2366.695702
854.509103	2359.562469
854.822812	2354.017200
855.136479	2375.265663
855.450103	2356.210102
855.763685	2360.066585
856.077224	2370.804242
856.390720	2363.192100
856.704173	2372.014119
857.017584	2371.157123
857.330953	2358.302181
857.644278	2361.200844
857.957561	2356.588188
858.270802	2362.763602
858.584000	2367.401463
858.897155	2359.083560
859.210268	2363.066071
859.523339	2362.158663
859.836367	2363.166894
860.149352	2353.865965
860.462295	2367.124200
860.775195	2356.739423
861.088054	2350.891685
861.400869	2358.478621
861.713642	2358.453415
862.026373	2357.394773
862.339062	2360.646317
862.651708	2365.309385
862.964312	2360.545494
863.276873	2359.688498
863.589392	2368.283665
863.901869	2357.747654
864.214303	2362.083046
864.526696	2368.157637
864.839045	2366.468850
865.151353	2362.259487
865.463619	2358.604650
865.775842	2364.225537
866.088023	2360.671523
866.400162	2368.384488
866.712258	2363.393746
867.024313	2364.074302
867.336325	2362.410721
867.648296	2366.897348
867.960224	2365.813500
868.272110	2367.855167
868.583954	2361.478108
868.895755	2364.654035
869.207515	2363.040865
869.519233	2357.949300
869.830909	2368.409694
870.142542	2364.603623
870.454134	2366.872142
870.765684	2357.419979
871.077191	2365.586648
871.388657	2362.763602
871.700081	2366.771319
872.011463	2363.267717
872.322803	2366.040352
872.634101	2361.856194
872.945357	2370.174098
873.256571	2364.301154
873.567744	2359.234794
873.878874	2358.781090
874.189963	2365.586648
874.501010	2362.309898
874.812015	2359.738910
875.122979	2359.461646
875.433900	2364.578417
875.744780	2373.425642
876.055618	2360.847963
876.366415	2372.467823
876.677169	2361.352079
876.987882	2359.058354
877.298554	2363.343335
877.609183	2368.082019
877.919771	2361.452902
878.230317	2363.217306
878.540822	2358.932325
878.851285	2360.923581
879.161707	2368.888604
879.472087	2357.772860
879.782425	2369.745600
880.092722	2386.154556
880.402977	2390.565565
880.713191	2388.448281
881.023363	2397.245094
881.333494	2407.806312
881.643583	2407.755900
881.953631	2397.345917
882.263637	2393.539846
882.573602	2388.775956
882.883526	2396.488921
883.193408	2388.876779
883.503248	2381.970398
883.813048	2372.442617
884.122806	2377.609800
884.432522	2376.626775
884.742197	2379.197763
885.051831	2377.433360
885.361424	2374.257433
885.670975	2372.694675
885.980485	2367.502287
886.289954	2373.375231
886.599382	2366.771319
886.908768	2368.157637
887.218113	2372.341794
887.527417	2367.779550
887.836680	2368.787781
888.145901	2366.922554
888.455082	2359.310412
888.764221	2369.997658
889.073319	2361.931812
889.382376	2365.233767
889.691392	2357.142715
890.000366	2366.594879
890.309300	2359.764115
890.618193	2365.309385
890.927044	2364.830475
891.235855	2368.939015
891.544625	2358.755885
891.853353	2368.812987
892.162041	2369.392719
892.470687	2369.543954
892.779293	2366.216792
893.087858	2370.526979
893.396381	2364.780063
893.704864	2369.140662
894.013306	2369.317102
894.321707	2375.542927
894.630068	2372.240971
894.938387	2376.828421
895.246665	2372.266177
895.554903	2364.250742
895.863100	2366.166381
896.171256	2373.501260
896.479371	2365.309385
896.787446	2373.551671
897.095480	2361.957017
897.403473	2368.737369
897.711425	2371.056300
898.019336	2369.543954
898.327207	2365.258973
898.635038	2362.486338
898.942827	2367.678727
899.250576	2363.444158
899.558284	2364.931298
899.865952	2367.250229
900.173579	2360.595906
900.481165	2364.906092
900.788711	2367.829962
901.096216	2369.014633
901.403681	2372.341794
901.711105	2363.998685
902.018489	2360.469877
902.325832	2363.015660
902.633135	2356.159690
902.940397	2366.090763
903.247619	2366.166381
903.554800	2367.754344
903.861941	2369.594365
904.169041	2372.619058
904.476101	2378.643237
904.783121	2373.551671
905.090100	2369.140662
905.397039	2366.267204
905.703938	2371.812473
906.010796	2368.686958
906.317614	2366.897348
906.624391	2367.451875
906.931129	2368.208048
907.237826	2362.057840
907.544483	2353.790348
907.851099	2360.923581
908.157675	2364.023890
908.464211	2362.183869
908.770707	2360.243025
909.077163	2354.622138
909.383578	2362.158663
909.689954	2355.050637
909.996289	2359.738910
910.302584	2368.283665
910.608839	2363.267717
910.915054	2361.478108
911.221229	2362.940042
911.527363	2358.276975
911.833458	2356.941069
912.139513	2360.646317
912.445527	2358.327387
912.751502	2361.427696
913.057436	2369.216279
913.363331	2361.402490
913.669186	2355.504340
913.975000	2365.712677
914.280775	2363.040865
914.586510	2362.410721
914.892205	2359.058354
915.197859	2365.536237
915.503475	2377.685417
915.809050	2377.987887
916.114585	2368.460106
916.420081	2388.044988
916.725536	2374.055787
917.030952	2371.535210
917.336328	2376.198277
917.641665	2373.904552
917.946961	2366.368027
918.252218	2380.130377
918.557435	2363.040865
918.862612	2367.754344
919.167750	2376.198277
919.472848	2362.284692
919.777906	2366.569673
920.082925	2363.040865
920.387904	2366.141175
920.692843	2361.704960
920.997743	2357.520802
921.302603	2357.041892
921.607423	2362.435927
921.912204	2368.208048
922.216946	2363.494569
922.521647	2364.124713
922.826310	2358.352592
923.130932	2360.545494
923.435516	2357.747654
923.740059	2366.821731
924.044564	2357.798065
924.349028	2353.462673
924.653454	2354.244052
924.957840	2352.454442
925.262186	2357.268744
925.566493	2364.427183
925.870761	2355.428723
926.174989	2362.889631
926.479178	2360.444671
926.783328	2361.629342
927.087438	2353.941583
927.391509	2364.023890
927.695541	2362.763602
927.999533	2363.570187
928.303486	2356.966275
928.607400	2366.115969
928.911275	2358.503827
929.215110	2357.571213
929.518906	2360.595906
929.822663	2362.612367
930.126381	2358.377798
930.430060	2358.806296
930.733699	2370.274921
931.037299	2364.049096
931.340861	2365.788294
931.644383	2360.621112
931.947866	2363.066071
932.251309	2358.503827
932.554714	2354.975019
932.858080	2360.797552
933.161407	2362.536750
933.464694	2359.007942
933.767943	2359.738910
934.071153	2358.403004
934.374323	2356.815040
934.677455	2357.092304
934.980548	2346.153000
935.283602	2360.999198
935.586617	2363.620598
935.889593	2367.124200
936.192530	2359.990967
936.495428	2362.259487
936.798287	2359.108765
937.101108	2363.015660
937.403890	2361.125227
937.706632	2360.948787
938.009336	2361.251256
938.312002	2357.016687
938.614628	2358.680267
938.917216	2350.160717
939.219765	2361.528519
939.522275	2366.065558
939.824747	2355.479135
940.127179	2366.922554
940.429573	2355.882427
940.731929	2352.555265
941.034246	2357.823271
941.336524	2363.318129
941.638763	2356.739423
941.940964	2358.554238
942.243126	2355.705987
942.545250	2357.243538
942.847335	2359.814527
943.149381	2359.814527
943.451389	2356.235308
943.753359	2366.368027
944.055290	2359.688498
944.357182	2361.049610
944.659036	2360.873169
944.960851	2362.965248
945.262628	2363.091277
945.564367	2363.797038
945.866067	2362.309898
946.167729	2361.503313
946.469352	2358.176152
946.770937	2355.529546
947.072484	2361.175638
947.373992	2358.655062
947.675462	2362.914837
947.976893	2363.721421
948.278286	2363.746627
948.579641	2354.193640
948.880958	2361.175638
949.182236	2355.025431
949.483476	2358.302181
949.784678	2360.696729
950.085841	2358.554238
950.386967	2367.325846
950.688054	2360.394260
950.989103	2351.269771
951.290114	2365.511031
951.591087	2366.115969
951.892021	2356.815040
952.192917	2362.738396
952.493776	2351.294977
952.794596	2363.418952
953.095378	2352.177179
953.396122	2356.109279
953.696828	2358.024917
953.997496	2354.344875
954.298126	2354.395287
954.598718	2352.530060
954.899272	2354.823785
955.199788	2353.563496
955.500266	2358.881913
955.800706	2357.546008
956.101108	2360.646317
956.401472	2354.395287
956.701798	2349.026458
957.002087	2354.622138
957.302337	2358.201358
957.602550	2356.915863
957.902724	2358.201358
958.202861	2352.278002
958.502960	2344.035715
958.803022	2354.521315
959.103045	2356.739423
959.403031	2358.957531
959.702979	2358.428210
960.002889	2357.369567
960.302762	2365.309385
960.602596	2357.344362
960.902393	2362.587162
961.202153	2355.025431
961.501875	2364.275948
961.801559	2354.445698
962.101205	2356.588188
962.400814	2363.444158
962.700385	2357.621625
962.999918	2362.435927
963.299414	2359.108765
963.598873	2358.529033
963.898293	2359.133971
964.197677	2356.714217
964.497022	2362.839219
964.796331	2353.739937
965.095601	2360.142202
965.394835	2352.656088
965.694030	2364.074302
965.993189	2357.798065
966.292309	2367.552698
966.591393	2350.362363
966.890439	2355.932838
967.189447	2354.596933
967.488419	2362.057840
967.787353	2355.630369
968.086249	2356.815040
968.385108	2357.167921
968.683930	2355.227077
968.982714	2362.662779
969.281462	2356.638600
969.580172	2354.823785
969.878844	2354.067612
970.177480	2356.033662
970.476078	2359.688498
970.774639	2358.327387
971.073162	2354.092817
971.371649	2351.093331
971.670098	2362.385515
971.968510	2355.025431
972.266885	2350.992508
972.565223	2352.580471
972.863524	2358.529033
973.161788	2361.629342
973.460014	2357.747654
973.758204	2358.907119
974.056356	2362.435927
974.354471	2361.175638
974.652550	2350.488392
974.950591	2359.058354
975.248595	2362.435927
975.546563	2358.302181
975.844493	2355.101048
976.142386	2350.034688
976.440243	2361.553725
976.738062	2360.671523
977.035845	2351.370594
977.333590	2357.823271
977.631299	2350.967302
977.928971	2360.343848
978.226606	2364.679240
978.524204	2356.058867
978.821765	2360.016173
979.119290	2352.681294
979.416777	2353.185410
979.714228	2358.755885
980.011642	2356.210102
980.309020	2358.428210
980.606360	2365.813500
980.903664	2353.059381
981.200931	2366.569673
981.498162	2356.336131
981.795356	2356.941069
982.092513	2352.756912
982.389633	2357.319156
982.686717	2359.360823
982.983764	2358.730679
983.280775	2358.730679
983.577749	2357.571213
983.874686	2360.318642
984.171587	2366.544467
984.468451	2366.569673
984.765279	2360.268231
985.062070	2362.587162
985.358824	2356.512571
985.655543	2361.226050
985.952224	2356.689012
986.248869	2354.118023
986.545478	2350.236335
986.842050	2354.521315
987.138586	2360.621112
987.435086	2351.773887
987.731549	2345.270798
988.027975	2361.730165
988.324366	2356.487365
988.620719	2365.511031
988.917037	2364.528006
989.213318	2354.924608
989.509563	2353.286233
989.805772	2358.150946
990.101944	2356.865452
990.398080	2360.192613
990.694180	2357.949300
990.990244	2358.125740
991.286271	2350.841273
991.582262	2362.057840
991.878217	2363.469363
992.174136	2356.436954
992.470019	2353.109792
992.765865	2358.730679
993.061676	2358.957531
993.357450	2359.814527
993.653188	2355.680781
993.948890	2366.544467
994.244556	2358.529033
994.540186	2369.594365
994.835780	2367.300640
995.131337	2360.696729
995.426859	2354.596933
995.722345	2355.630369
996.017795	2357.067098
996.313208	2359.890144
996.608586	2355.756398
996.903928	2354.017200
997.199234	2358.251769
997.494504	2353.966788
997.789738	2356.210102
998.084936	2367.199817
998.380099	2353.664319
998.675225	2359.864938
998.970316	2357.319156
999.265371	2361.528519
999.560390	2356.840246
999.855373	2354.924608
1000.150320	2356.159690
1000.445232	2357.218333
1000.740108	2355.756398
1001.034948	2354.067612
1001.329752	2352.202385
1001.624521	2360.469877
1001.919254	2357.672037
1002.213951	2355.353106
1002.508613	2357.293950
1002.803239	2353.714731
1003.097829	2351.421006
1003.392384	2358.629856
1003.686903	2350.816067
1003.981386	2352.227590
1004.275834	2352.076356
1004.570246	2356.764629
1004.864623	2363.998685
1005.158964	2346.127794
1005.453270	2350.538804
1005.747540	2352.605677
1006.041775	2352.151973
1006.335974	2357.369567
1006.630138	2361.251256
1006.924266	2357.319156
1007.218359	2360.192613
1007.512416	2355.353106
1007.806438	2362.259487
1008.100425	2356.613394
1008.394376	2354.344875
1008.688292	2356.512571
1008.982172	2357.697242
1009.276017	2357.772860
1009.569827	2359.562469
1009.863602	2362.309898
1010.157341	2358.680267
1010.451045	2358.907119
1010.744714	2357.999712
1011.038347	2352.756912
1011.331945	2356.764629
1011.625508	2354.823785
1011.919036	2355.958044
1012.212528	2356.235308
1012.505986	2351.723475
1012.799408	2360.747140
1013.092795	2354.193640
1013.386147	2365.183356
1013.679464	2352.504854
1013.972745	2356.285719
1014.265992	2357.798065
1014.559204	2358.050123
1014.852380	2355.075842
1015.145521	2354.924608
1015.438628	2358.327387
1015.731699	2353.513085
1016.024736	2354.949813
1016.317737	2358.428210
1016.610703	2358.655062
1016.903635	2352.202385
1017.196531	2352.278002
1017.489393	2348.396313
1017.782219	2353.134998
1018.075011	2358.201358
1018.367768	2353.941583
1018.660490	2348.749194
1018.953177	2348.749194
1019.245829	2348.749194
