Dividing Wavelength (nm)	Counts (n)	Slit_number_32_of_a_total_of_40	
326.493990	1940.667790
326.888308	1940.667790
327.282561	1940.667790
327.676750	1922.015521
328.070874	1928.669844
328.464933	1930.484660
328.858929	1941.802050
329.252859	1953.195058
329.646726	1965.268621
330.040528	1984.374594
330.434265	2009.202277
330.827938	2022.107631
331.221547	2042.927596
331.615091	2067.654456
332.008571	2084.617938
332.401986	2107.479571
332.795338	2126.131840
333.188625	2152.421458
333.581847	2163.940494
333.975006	2179.189985
334.368100	2199.631863
334.761129	2226.652448
335.154095	2227.257387
335.546996	2252.261510
335.939833	2262.570669
336.332606	2281.474996
336.725315	2285.104627
337.117960	2292.590740
337.510540	2294.355144
337.903056	2312.452887
338.295508	2307.890642
338.687896	2323.896306
339.080220	2329.265135
339.472480	2336.600013
339.864676	2332.516679
340.256807	2343.304748
340.648875	2349.127281
341.040879	2346.127794
341.432818	2345.548062
341.824694	2335.364931
342.216506	2342.825838
342.608253	2336.700837
342.999937	2335.138079
343.391557	2336.877277
343.783113	2337.356187
344.174605	2335.919458
344.566033	2339.171002
344.957397	2329.391163
345.348697	2333.625733
345.739934	2329.643221
346.131106	2324.299598
346.522215	2321.274906
346.913260	2323.997129
347.304241	2317.771304
347.695159	2315.225521
348.086012	2314.217290
348.476802	2317.670481
348.867528	2315.427167
349.258191	2315.527990
349.648789	2316.258958
350.039324	2309.932310
350.429796	2315.956488
350.820203	2308.117494
351.210548	2303.983748
351.600828	2301.715229
351.991045	2312.024388
352.381198	2315.906077
352.771288	2309.276960
353.161314	2303.076340
353.551276	2303.857719
353.941175	2307.815025
354.331010	2312.427681
354.720782	2309.402988
355.110490	2319.485296
355.500135	2307.941054
355.889717	2311.041363
356.279235	2312.578915
356.668689	2308.445169
357.058080	2317.065542
357.447408	2318.225008
357.836672	2316.057312
358.225873	2314.192085
358.615010	2311.419450
359.004084	2307.663790
359.393095	2321.678198
359.782043	2320.291881
360.170927	2316.889102
360.559748	2316.737867
360.948505	2317.443629
361.337199	2319.989412
361.725830	2316.788279
362.114398	2317.670481
362.502903	2317.418423
362.891344	2316.485810
363.279722	2316.057312
363.668037	2314.872640
364.056289	2314.242496
364.444478	2322.182313
364.832603	2322.106696
365.220665	2321.148877
365.608665	2324.702890
365.996601	2319.888588
366.384474	2327.752788
366.772284	2325.635504
367.160031	2314.645788
367.547715	2319.258444
367.935336	2322.988898
368.322893	2321.400935
368.710388	2320.090235
369.097820	2328.710608
369.485189	2319.409679
369.872495	2326.568117
370.259738	2324.123158
370.646918	2321.879844
371.034035	2326.492500
371.421090	2331.684888
371.808081	2322.812458
372.195010	2327.929229
372.581875	2327.021821
372.968678	2322.182313
373.355418	2327.273879
373.742096	2324.173569
374.128710	2326.139619
374.515262	2321.905050
374.901751	2322.509988
375.288177	2327.173056
375.674540	2326.089208
376.060841	2317.594863
376.447079	2329.794456
376.833254	2331.079950
377.219367	2324.702890
377.605417	2321.274906
377.991404	2325.761533
378.377329	2332.012563
378.763191	2324.425627
379.148991	2326.038796
379.534727	2329.744044
379.920402	2331.785712
380.306013	2327.223467
380.691563	2332.869560
381.077049	2336.600013
381.462474	2331.508448
381.847835	2333.751762
382.233134	2326.870587
382.618371	2332.768737
383.003545	2338.818121
383.388657	2329.870073
383.773706	2335.188490
384.158693	2327.954435
384.543618	2327.525937
384.928480	2336.524396
385.313280	2330.928715
385.698017	2331.936946
386.082692	2331.079950
386.467305	2332.415856
386.851856	2331.382419
387.236344	2332.365444
387.620770	2335.037256
388.005133	2337.835096
388.389435	2336.020281
388.773674	2332.970383
389.157851	2337.986331
389.541965	2334.986844
389.926018	2331.936946
390.310008	2325.408652
390.693936	2331.735300
391.077802	2333.751762
391.461606	2336.650425
391.845348	2337.961125
392.229027	2336.726042
392.612645	2327.122644
392.996200	2341.439521
393.379694	2332.567090
393.763125	2336.726042
394.146494	2335.642194
394.529801	2341.313492
394.913047	2334.482729
395.296230	2338.692092
395.679351	2334.432317
396.062410	2336.322750
396.445408	2335.869046
396.828343	2332.415856
397.211217	2340.708554
397.594028	2328.660196
397.976778	2341.489933
398.359466	2342.094871
398.742092	2337.860302
399.124656	2338.314006
399.507158	2342.271312
399.889598	2338.591269
400.271977	2339.423060
400.654294	2341.515138
401.036549	2340.960612
401.418742	2334.457523
401.800874	2344.161744
402.182944	2342.649398
402.564952	2340.809377
402.946898	2349.152487
403.328783	2339.271825
403.710606	2344.917917
404.092367	2339.473471
404.474067	2340.027998
404.855705	2343.279542
405.237282	2340.910200
405.618797	2347.665346
406.000250	2341.868019
406.381642	2339.901969
406.762972	2333.827379
407.144240	2336.146310
407.525447	2340.758965
407.906593	2343.002279
408.287677	2339.070179
408.668700	2340.053204
409.049661	2348.875223
409.430560	2340.002792
409.811399	2341.792402
410.192176	2342.145283
410.572891	2341.792402
410.953545	2344.590242
411.334138	2338.994562
411.714669	2343.329954
412.095139	2351.874710
412.475547	2335.969869
412.855894	2353.513085
413.236180	2346.228617
413.616405	2347.640140
413.996568	2340.884994
414.376670	2336.826865
414.756711	2341.162258
415.136691	2345.220387
415.516609	2347.438494
415.896466	2339.549088
416.276262	2343.279542
416.655997	2348.270285
417.035670	2340.406085
417.415283	2346.531087
417.794834	2350.009483
418.174324	2340.632937
418.553753	2343.002279
418.933121	2341.792402
419.312428	2347.186437
419.691674	2345.825325
420.070859	2347.892198
420.449983	2344.464213
420.829045	2351.395800
421.208047	2344.086127
421.586988	2348.976046
421.965867	2343.153513
422.344686	2343.708040
422.723444	2348.144256
423.102141	2344.363390
423.480777	2348.219873
423.859352	2355.353106
424.237866	2343.178719
424.616319	2346.833556
424.994712	2351.673063
425.373044	2354.975019
425.751314	2352.782117
426.129524	2338.465240
426.507673	2351.118537
426.885762	2346.707527
427.263789	2344.741477
427.641756	2348.774400
428.019662	2348.471931
428.397508	2345.548062
428.775292	2351.395800
429.153016	2346.178206
429.530679	2346.631910
429.908282	2347.892198
430.285824	2359.940556
430.663305	2351.824298
431.040726	2357.621625
431.418086	2350.034688
431.795385	2352.126767
432.172624	2349.782631
432.549802	2351.168948
432.926920	2349.102075
433.303977	2352.252796
433.680974	2350.891685
434.057910	2353.664319
434.434786	2352.807323
434.811601	2355.000225
435.188355	2344.312979
435.565050	2354.294463
435.941683	2344.010510
436.318257	2349.278515
436.694770	2354.118023
437.071222	2352.101562
437.447614	2348.900429
437.823946	2350.664833
438.200218	2348.900429
438.576429	2351.799092
438.952580	2353.008969
439.328670	2349.883454
439.704700	2350.009483
440.080670	2357.041892
440.456580	2355.605163
440.832429	2356.008456
441.208218	2348.270285
441.583947	2358.957531
441.959616	2355.252283
442.335224	2350.311952
442.710773	2363.444158
443.086261	2353.941583
443.461689	2360.142202
443.837057	2347.085613
444.212365	2352.958558
444.587612	2351.874710
444.962800	2351.874710
445.337927	2353.891171
445.712995	2356.109279
446.088002	2362.612367
446.462949	2354.092817
446.837837	2355.403517
447.212664	2350.664833
447.587431	2352.177179
447.962139	2349.959071
448.336786	2358.907119
448.711374	2352.580471
449.085901	2354.370081
449.460369	2352.303208
449.834776	2352.983763
450.209124	2357.949300
450.583412	2361.503313
450.957640	2350.841273
451.331808	2352.807323
451.705917	2360.116996
452.079965	2350.715244
452.453954	2355.453929
452.827883	2358.251769
453.201752	2360.822758
453.575562	2354.697756
453.949311	2343.279542
454.323001	2355.832015
454.696632	2368.082019
455.070202	2359.713704
455.443713	2358.806296
455.817164	2347.614935
456.190556	2353.311438
456.563888	2358.781090
456.937160	2351.496623
457.310373	2361.805783
457.683526	2365.107738
458.056619	2352.656088
458.429653	2353.261027
458.802628	2354.596933
459.175542	2356.310925
459.548398	2360.822758
459.921194	2362.914837
460.293930	2355.705987
460.666607	2363.267717
461.039224	2359.965762
461.411782	2351.773887
461.784280	2359.612881
462.156719	2358.201358
462.529099	2362.687985
462.901419	2353.588702
463.273680	2352.252796
463.645882	2368.737369
464.018024	2365.561442
464.390106	2361.175638
464.762130	2359.940556
465.134094	2358.050123
465.505999	2354.496110
465.877845	2353.991994
466.249631	2358.907119
466.621358	2367.603110
466.993026	2366.594879
467.364634	2361.604137
467.736184	2356.941069
468.107674	2367.023377
468.479105	2355.932838
468.850477	2362.007429
469.221790	2353.588702
469.593043	2356.689012
469.964238	2359.133971
470.335373	2357.646831
470.706449	2363.570187
471.077467	2362.410721
471.448425	2364.754858
471.819324	2362.889631
472.190164	2364.931298
472.560945	2360.066585
472.931667	2357.419979
473.302330	2360.973992
473.672934	2362.461133
474.043479	2362.587162
474.413965	2363.040865
474.784393	2351.950327
475.154761	2361.931812
475.525070	2352.933352
475.895321	2352.630883
476.265513	2349.202898
476.635645	2355.504340
477.005719	2364.275948
477.375734	2362.007429
477.745691	2353.765142
478.115588	2365.460619
478.485427	2361.503313
478.855207	2358.629856
479.224928	2357.949300
479.594591	2360.570700
479.964194	2368.611340
480.333739	2363.595392
480.703226	2363.544981
481.072653	2353.790348
481.442022	2355.655575
481.811333	2357.672037
482.180584	2360.999198
482.549777	2367.073788
482.918912	2370.426156
483.287988	2356.336131
483.657005	2355.151460
484.025964	2355.302694
484.394864	2358.428210
484.763706	2359.461646
485.132489	2354.571727
485.501213	2359.612881
485.869879	2352.126767
486.238487	2369.417925
486.607036	2362.536750
486.975527	2359.688498
487.343959	2353.462673
487.712333	2364.326360
488.080648	2354.975019
488.448905	2355.529546
488.817104	2363.040865
489.185244	2360.469877
489.553326	2361.604137
489.921350	2360.847963
490.289315	2364.553212
490.657222	2362.965248
491.025070	2356.235308
491.392861	2357.268744
491.760593	2360.898375
492.128267	2366.720908
492.495883	2366.191587
492.863440	2358.529033
493.230939	2362.814013
493.598380	2358.276975
493.965763	2362.814013
494.333088	2361.553725
494.700354	2357.848477
495.067563	2362.788808
495.434713	2350.009483
495.801805	2361.200844
496.168839	2360.444671
496.535815	2357.243538
496.902733	2364.225537
497.269593	2361.528519
497.636395	2360.545494
498.003139	2349.454956
498.369825	2372.669469
498.736453	2366.972965
499.103023	2355.151460
499.469535	2366.292410
499.835989	2358.100535
500.202385	2360.469877
500.568723	2367.225023
500.935003	2360.671523
501.301226	2361.856194
501.667390	2363.897862
502.033497	2364.149919
502.399546	2365.460619
502.765537	2359.436440
503.131470	2364.830475
503.497345	2358.403004
503.863163	2352.782117
504.228923	2358.024917
504.594625	2370.274921
504.960269	2365.662265
505.325856	2359.587675
505.691385	2364.427183
506.056856	2364.452388
506.422270	2355.378312
506.787625	2372.039325
507.152924	2361.276462
507.518164	2366.393233
507.883347	2360.217819
508.248472	2365.586648
508.613540	2363.519775
508.978550	2363.645804
509.343503	2365.132944
509.708398	2365.662265
510.073236	2357.596419
510.438016	2363.116483
510.802738	2365.183356
511.167403	2357.268744
511.532010	2366.368027
511.896561	2366.317615
512.261053	2363.746627
512.625488	2358.176152
512.989866	2359.839733
513.354186	2362.486338
513.718449	2360.066585
514.082655	2356.537777
514.446803	2365.485825
514.810894	2370.955477
515.174927	2368.838192
515.538904	2372.140148
515.902822	2368.359283
516.266684	2364.023890
516.630488	2366.216792
516.994235	2364.855681
517.357925	2363.544981
517.721558	2360.797552
518.085133	2360.772346
518.448651	2366.368027
518.812112	2363.116483
519.175516	2366.040352
519.538863	2367.653521
519.902152	2358.730679
520.265385	2358.478621
520.628560	2358.377798
520.991678	2363.519775
521.354739	2363.091277
521.717743	2368.006402
522.080690	2360.948787
522.443580	2367.754344
522.806413	2367.275435
523.169189	2368.535723
523.531908	2367.275435
523.894569	2362.360310
524.257174	2367.401463
524.619722	2365.889117
524.982213	2361.150433
525.344647	2361.654548
525.707025	2366.947760
526.069345	2363.494569
526.431608	2357.949300
526.793815	2362.335104
527.155964	2363.318129
527.518057	2367.451875
527.880093	2358.503827
528.242072	2356.689012
528.603995	2370.451362
528.965860	2370.300127
529.327669	2369.871629
529.689421	2364.149919
530.051117	2368.334077
530.412755	2368.812987
530.774337	2359.133971
531.135862	2359.486852
531.497331	2366.746113
531.858743	2364.275948
532.220098	2361.704960
532.581396	2362.410721
532.942638	2365.964735
533.303824	2363.292923
533.664953	2367.275435
534.026025	2363.872656
534.387040	2371.232740
534.747999	2366.947760
535.108902	2362.410721
535.469748	2374.559902
535.830537	2362.738396
536.191270	2373.299613
536.551947	2369.367513
536.912567	2368.233254
537.273131	2363.015660
537.633638	2369.392719
537.994089	2366.620085
538.354483	2357.445185
538.714821	2364.326360
539.075103	2360.595906
539.435328	2369.947246
539.795497	2369.947246
540.155609	2363.645804
540.515665	2361.326873
540.875665	2365.737883
541.235609	2369.417925
541.595496	2369.518748
541.955328	2364.023890
542.315102	2364.880887
542.674821	2361.654548
543.034483	2377.710623
543.394090	2363.544981
543.753640	2360.797552
544.113134	2367.225023
544.472571	2357.193127
544.831953	2363.696215
545.191278	2362.284692
545.550548	2368.258460
545.909761	2374.786754
546.268918	2356.462160
546.628019	2361.704960
546.987064	2369.115456
547.346053	2361.679754
547.704986	2370.779037
548.063863	2367.199817
548.422684	2362.234281
548.781449	2370.224510
549.140158	2376.878833
549.498811	2359.083560
549.857408	2364.250742
550.215949	2362.788808
550.574434	2358.201358
550.932864	2365.889117
551.291237	2356.966275
551.649555	2358.352592
552.007817	2363.595392
552.366022	2358.453415
552.724173	2362.309898
553.082267	2368.787781
553.440305	2365.032121
553.798288	2365.561442
554.156215	2373.047556
554.514086	2367.678727
554.871902	2362.461133
555.229661	2371.888090
555.587365	2359.864938
555.945014	2364.351565
556.302606	2370.501773
556.660143	2361.780577
557.017625	2368.334077
557.375050	2365.687471
557.732421	2365.586648
558.089735	2367.451875
558.446994	2364.981710
558.804197	2364.729652
559.161345	2366.393233
559.518437	2367.124200
559.875474	2364.477594
560.232455	2366.947760
560.589381	2363.166894
560.946251	2369.342308
561.303065	2365.334590
561.659825	2367.502287
562.016528	2368.510517
562.373177	2364.275948
562.729770	2364.679240
563.086307	2364.906092
563.442789	2362.738396
563.799216	2358.680267
564.155587	2370.224510
564.511904	2358.554238
564.868164	2350.387569
565.224370	2364.528006
565.580520	2366.796525
565.936615	2367.754344
566.292654	2359.512058
566.648638	2364.654035
567.004567	2365.863912
567.360441	2364.074302
567.716260	2371.005888
568.072023	2364.301154
568.427732	2367.199817
568.783385	2367.401463
569.138982	2367.729138
569.494525	2365.006915
569.850013	2362.814013
570.205445	2364.805269
570.560823	2366.720908
570.916145	2367.754344
571.271412	2368.812987
571.626625	2362.536750
571.981782	2365.939529
572.336884	2366.418438
572.691931	2370.779037
573.046923	2372.064531
573.401860	2366.846937
573.756743	2361.301667
574.111570	2369.266690
574.466342	2368.409694
574.821059	2357.722448
575.175722	2365.838706
575.530330	2366.620085
575.884882	2368.737369
576.239380	2366.166381
576.593823	2367.502287
576.948211	2367.477081
577.302544	2365.435413
577.656823	2377.609800
578.011047	2369.392719
578.365216	2363.595392
578.719330	2369.644777
579.073389	2373.501260
579.427394	2361.830988
579.781344	2366.368027
580.135239	2372.593852
580.489080	2368.964221
580.842866	2367.401463
581.196597	2376.425129
581.550273	2366.065558
581.903895	2371.988913
582.257463	2370.400950
582.610975	2368.082019
582.964434	2368.485312
583.317837	2372.442617
583.671186	2372.896321
584.024481	2365.334590
584.377721	2365.132944
584.730906	2368.434900
585.084037	2363.217306
585.437113	2378.592825
585.790135	2369.291896
586.143103	2363.469363
586.496016	2368.233254
586.848874	2362.814013
587.201679	2359.461646
587.554428	2371.963708
587.907124	2368.485312
588.259765	2356.361337
588.612352	2367.250229
588.964884	2361.074815
589.317362	2369.871629
589.669786	2374.484285
590.022155	2365.586648
590.374470	2364.401977
590.726731	2364.628829
591.078937	2364.981710
591.431090	2368.460106
591.783188	2370.123687
592.135232	2364.754858
592.487222	2368.712163
592.839157	2366.015146
593.191038	2368.586135
593.542866	2364.049096
593.894639	2360.772346
594.246358	2363.872656
594.598022	2369.770806
594.949633	2366.090763
595.301190	2364.603623
595.652692	2368.611340
596.004141	2366.494056
596.355535	2364.427183
596.706876	2362.788808
597.058162	2363.343335
597.409395	2365.687471
597.760573	2363.318129
598.111698	2370.274921
598.462768	2363.822244
598.813785	2370.753831
599.164748	2367.955990
599.515657	2373.324819
599.866511	2365.435413
600.217312	2367.275435
600.568060	2365.284179
600.918753	2362.032635
601.269392	2369.821217
601.619978	2367.073788
601.970510	2363.368540
602.320988	2366.443644
602.671412	2369.468337
603.021783	2372.392206
603.372100	2366.065558
603.722363	2369.342308
604.072572	2365.385002
604.422728	2366.645290
604.772830	2370.073275
605.122878	2355.428723
605.472872	2360.646317
605.822813	2352.882940
606.172701	2366.922554
606.522534	2355.655575
606.872314	2362.183869
607.222041	2365.385002
607.571714	2360.293437
607.921333	2360.394260
608.270899	2363.721421
608.620411	2371.938502
608.969870	2368.258460
609.319276	2363.015660
609.668627	2364.729652
610.017926	2368.838192
610.367171	2369.871629
610.716362	2360.570700
611.065500	2370.022863
611.414585	2363.066071
611.763616	2371.812473
612.112594	2363.318129
612.461518	2368.107225
612.810389	2363.318129
613.159207	2363.444158
613.507971	2362.335104
613.856682	2366.771319
614.205340	2363.645804
614.553945	2371.434387
614.902496	2370.375744
615.250994	2368.535723
615.599439	2367.855167
615.947830	2356.890658
616.296169	2366.620085
616.644454	2364.956504
616.992686	2360.671523
617.340864	2361.830988
617.688990	2373.954963
618.037063	2366.569673
618.385082	2362.561956
618.733048	2355.151460
619.080961	2367.729138
619.428821	2368.485312
619.776628	2370.602596
620.124382	2375.794985
620.472083	2369.014633
620.819731	2367.955990
621.167326	2361.805783
621.514868	2364.628829
621.862357	2368.233254
622.209793	2368.107225
622.557176	2365.687471
622.904506	2363.141688
623.251783	2350.790862
623.599007	2364.275948
623.946179	2353.462673
624.293297	2364.326360
624.640363	2356.840246
624.987376	2365.006915
625.334336	2364.477594
625.681243	2365.863912
626.028097	2368.208048
626.374899	2374.786754
626.721647	2372.014119
627.068343	2367.905579
627.414987	2372.694675
627.761577	2358.403004
628.108115	2366.846937
628.454600	2364.931298
628.801032	2364.023890
629.147412	2374.080992
629.493739	2369.115456
629.840014	2374.282638
630.186236	2365.914323
630.532405	2360.217819
630.878521	2372.240971
631.224585	2362.788808
631.570597	2365.863912
631.916556	2371.636033
632.262462	2366.645290
632.608316	2370.955477
632.954117	2366.569673
633.299866	2369.039838
633.645562	2370.728625
633.991206	2365.838706
634.336797	2373.929758
634.682336	2371.812473
635.027823	2365.838706
635.373257	2366.015146
635.718639	2372.921527
636.063968	2364.603623
636.409245	2369.518748
636.754470	2367.552698
637.099642	2361.377285
637.444762	2368.460106
637.789829	2362.234281
638.134845	2368.409694
638.479808	2365.233767
638.824719	2362.284692
639.169577	2355.428723
639.514383	2371.862885
639.859137	2365.334590
640.203839	2361.780577
640.548489	2365.032121
640.893086	2370.426156
641.237632	2363.771833
641.582125	2364.225537
641.926566	2362.133458
642.270955	2374.358256
642.615292	2373.375231
642.959576	2363.696215
643.303809	2359.360823
643.647990	2371.283152
643.992118	2372.089737
644.336195	2368.560929
644.680219	2359.864938
645.024192	2361.931812
645.368112	2363.771833
645.711981	2372.745087
646.055797	2362.486338
646.399562	2368.586135
646.743274	2373.904552
647.086935	2366.645290
647.430544	2358.377798
647.774101	2367.275435
648.117606	2364.275948
648.461059	2364.956504
648.804460	2361.604137
649.147810	2368.384488
649.491108	2360.041379
649.834354	2365.208562
650.177548	2371.585621
650.520690	2363.897862
650.863781	2362.309898
651.206820	2367.855167
651.549807	2366.342821
651.892742	2357.419979
652.235626	2366.342821
652.578458	2371.938502
652.921238	2371.157123
653.263967	2372.240971
653.606644	2363.696215
653.949269	2363.519775
654.291843	2360.369054
654.634365	2364.729652
654.976836	2367.451875
655.319255	2366.443644
655.661622	2368.182842
656.003938	2364.830475
656.346203	2367.048583
656.688416	2366.796525
657.030577	2365.889117
657.372687	2369.317102
657.714746	2372.190560
658.056753	2367.300640
658.398708	2359.789321
658.740612	2368.737369
659.082465	2368.762575
659.424266	2359.915350
659.766016	2354.722962
660.107715	2368.888604
660.449362	2364.830475
660.790958	2364.149919
661.132503	2364.275948
661.473996	2365.132944
661.815438	2360.495083
662.156829	2374.761548
662.498168	2372.064531
662.839456	2370.526979
663.180693	2350.009483
663.521879	2364.149919
663.863013	2365.763088
664.204097	2372.896321
664.545129	2360.973992
664.886110	2365.006915
665.227040	2361.074815
665.567918	2369.745600
665.908746	2362.687985
666.249522	2366.796525
666.590248	2369.594365
666.930922	2368.913810
667.271545	2366.771319
667.612118	2368.157637
667.952639	2375.064017
668.293109	2361.931812
668.633528	2362.209075
668.973896	2367.073788
669.314213	2372.745087
669.654480	2366.720908
669.994695	2371.081506
670.334859	2370.854654
670.674973	2361.982223
671.015035	2363.797038
671.355047	2362.561956
671.695008	2368.384488
672.034918	2369.594365
672.374777	2367.124200
672.714585	2368.964221
673.054342	2369.493542
673.394049	2368.586135
673.733705	2363.822244
674.073310	2371.257946
674.412864	2370.879860
674.752368	2363.620598
675.091820	2365.989940
675.431223	2362.637573
675.770574	2369.090250
676.109875	2361.830988
676.449125	2364.931298
676.788324	2366.393233
677.127473	2362.410721
677.466571	2367.552698
677.805619	2367.855167
678.144616	2369.896835
678.483562	2370.274921
678.822458	2371.333563
679.161303	2368.989427
679.500098	2367.124200
679.838842	2366.796525
680.177535	2368.258460
680.516179	2372.165354
680.854771	2358.302181
681.193314	2358.755885
681.531805	2365.309385
681.870247	2360.192613
682.208638	2366.317615
682.546978	2372.845910
682.885268	2364.376771
683.223508	2369.115456
683.561697	2365.132944
683.899836	2361.906606
684.237925	2367.905579
684.575963	2356.865452
684.913951	2367.527492
685.251889	2362.637573
685.589776	2361.906606
685.927614	2365.107738
686.265401	2371.005888
686.603137	2370.098481
686.940824	2367.250229
687.278460	2361.427696
687.616046	2364.830475
687.953582	2368.787781
688.291068	2363.620598
688.628504	2371.031094
688.965889	2360.066585
689.303224	2365.435413
689.640510	2361.931812
689.977745	2364.326360
690.314930	2365.158150
690.652065	2370.779037
690.989150	2366.317615
691.326185	2369.090250
691.663170	2372.316588
692.000105	2363.444158
692.336990	2365.586648
692.673825	2364.427183
693.010610	2361.478108
693.347345	2356.890658
693.684030	2359.411235
694.020665	2365.889117
694.357251	2359.184383
694.693786	2363.797038
695.030272	2359.486852
695.366707	2361.755371
695.703093	2362.965248
696.039429	2364.704446
696.375716	2365.511031
696.711952	2365.611854
697.048139	2362.561956
697.384276	2362.713190
697.720363	2360.243025
698.056400	2359.890144
698.392388	2369.972452
698.728326	2364.301154
699.064214	2364.074302
699.400053	2361.931812
699.735842	2363.771833
700.071581	2357.117510
700.407270	2361.629342
700.742910	2359.285206
701.078501	2362.057840
701.414042	2354.143229
701.749533	2365.586648
702.084974	2374.484285
702.420366	2358.957531
702.755709	2364.250742
703.091002	2367.502287
703.426246	2372.896321
703.761440	2367.502287
704.096584	2366.393233
704.431679	2365.536237
704.766725	2357.672037
705.101721	2360.142202
705.436668	2368.586135
705.771565	2368.384488
706.106413	2359.839733
706.441212	2366.720908
706.775961	2363.771833
707.110661	2374.307844
707.445311	2367.880373
707.779913	2369.695188
708.114465	2362.435927
708.448967	2367.981196
708.783421	2366.746113
709.117825	2365.460619
709.452180	2372.694675
709.786485	2373.047556
710.120742	2362.511544
710.454949	2366.947760
710.789107	2360.797552
711.123216	2357.772860
711.457275	2360.369054
711.791286	2354.874196
712.125247	2358.251769
712.459159	2360.721935
712.793023	2355.857221
713.126837	2366.846937
713.460602	2364.603623
713.794318	2360.419465
714.127985	2366.494056
714.461602	2364.452388
714.795171	2372.215765
715.128691	2359.083560
715.462162	2360.293437
715.795584	2370.501773
716.128957	2360.948787
716.462281	2367.577904
716.795556	2366.544467
717.128782	2359.612881
717.461960	2361.301667
717.795088	2365.460619
718.128167	2360.570700
718.461198	2356.890658
718.794180	2360.999198
719.127113	2362.662779
719.459997	2368.913810
719.792833	2371.510004
720.125619	2360.948787
720.458357	2359.789321
720.791046	2362.183869
721.123686	2360.999198
721.456278	2359.310412
721.788821	2365.964735
722.121315	2365.712677
722.453761	2374.988400
722.786158	2365.233767
723.118506	2358.352592
723.450805	2371.762062
723.783056	2367.300640
724.115259	2362.914837
724.447412	2362.209075
724.779518	2364.225537
725.111574	2364.880887
725.443582	2361.326873
725.775542	2369.619571
726.107453	2367.552698
726.439315	2361.402490
726.771129	2377.534183
727.102895	2366.594879
727.434612	2360.318642
727.766281	2370.602596
728.097901	2366.569673
728.429473	2352.504854
728.760996	2366.292410
729.092471	2355.630369
729.423897	2367.754344
729.755276	2364.805269
730.086606	2370.274921
730.417887	2368.031608
730.749120	2365.813500
731.080305	2361.780577
731.411442	2362.259487
731.742530	2377.887063
732.073570	2363.091277
732.404562	2357.596419
732.735506	2363.570187
733.066401	2367.628315
733.397249	2364.200331
733.728048	2357.621625
734.058798	2356.689012
734.389501	2360.217819
734.720156	2366.998171
735.050762	2353.991994
735.381320	2357.067098
735.711831	2362.385515
736.042293	2367.451875
736.372707	2360.469877
736.703073	2362.612367
737.033391	2360.192613
737.363661	2365.687471
737.693883	2361.856194
738.024056	2365.611854
738.354182	2373.350025
738.684260	2363.620598
739.014290	2366.040352
739.344272	2363.242512
739.674207	2357.319156
740.004093	2364.200331
740.333931	2367.426669
740.663722	2362.889631
740.993464	2358.907119
741.323159	2367.678727
741.652806	2367.729138
741.982405	2369.846423
742.311956	2365.284179
742.641460	2363.318129
742.970915	2362.108252
743.300323	2363.192100
743.629683	2367.955990
743.958996	2361.704960
744.288260	2367.477081
744.617477	2360.142202
744.946647	2352.353619
745.275768	2359.436440
745.604842	2356.789835
745.933869	2363.444158
746.262847	2367.199817
746.591778	2367.300640
746.920662	2363.847450
747.249498	2361.856194
747.578286	2363.192100
747.907027	2366.695702
748.235720	2359.663292
748.564365	2361.881400
748.892963	2365.410208
749.221514	2361.780577
749.550017	2359.587675
749.878473	2368.762575
750.206881	2358.579444
750.535242	2371.938502
750.863555	2361.679754
751.191821	2360.116996
751.520039	2364.553212
751.848210	2365.511031
752.176334	2367.855167
752.504411	2365.183356
752.832440	2357.672037
753.160421	2358.403004
753.488356	2361.427696
753.816243	2366.846937
754.144082	2363.091277
754.471875	2370.249715
754.799620	2363.872656
755.127318	2367.048583
755.454969	2360.999198
755.782572	2365.511031
756.110129	2368.107225
756.437638	2361.679754
756.765100	2352.378825
757.092515	2360.545494
757.419882	2368.812987
757.747203	2361.931812
758.074477	2360.948787
758.401703	2360.595906
758.728882	2366.544467
759.056014	2372.417412
759.383099	2367.199817
759.710138	2358.529033
760.037129	2352.227590
760.364073	2366.846937
760.690970	2367.905579
761.017820	2367.729138
761.344623	2358.100535
761.671379	2353.008969
761.998088	2356.285719
762.324751	2360.797552
762.651366	2358.529033
762.977935	2358.024917
763.304456	2349.379338
763.630931	2365.586648
763.957359	2369.367513
764.283740	2359.562469
764.610074	2358.276975
764.936362	2364.729652
765.262602	2359.360823
765.588796	2364.805269
765.914943	2368.762575
766.241044	2362.763602
766.567097	2366.115969
766.893104	2362.032635
767.219064	2362.158663
767.544978	2359.713704
767.870845	2370.300127
768.196665	2369.266690
768.522438	2359.285206
768.848165	2364.477594
769.173846	2365.662265
769.499479	2372.442617
769.825066	2360.495083
770.150607	2367.955990
770.476101	2360.747140
770.801548	2354.975019
771.126949	2362.889631
771.452303	2355.378312
771.777611	2358.150946
772.102872	2353.210615
772.428087	2362.486338
772.753256	2361.553725
773.078378	2362.183869
773.403453	2358.226563
773.728482	2360.469877
774.053465	2358.478621
774.378401	2367.325846
774.703291	2364.200331
775.028135	2358.755885
775.352932	2347.917404
775.677683	2364.427183
776.002388	2366.342821
776.327046	2362.914837
776.651658	2370.249715
776.976224	2360.772346
777.300743	2367.754344
777.625216	2366.620085
777.949643	2365.284179
778.274024	2364.528006
778.598359	2359.335617
778.922647	2360.772346
779.246889	2358.554238
779.571086	2356.689012
779.895236	2364.427183
780.219339	2361.629342
780.543397	2366.040352
780.867409	2363.166894
781.191374	2362.864425
781.515294	2362.108252
781.839167	2363.897862
782.162995	2356.562983
782.486776	2356.638600
782.810511	2361.251256
783.134201	2358.781090
783.457844	2364.981710
783.781441	2358.932325
784.104993	2366.090763
784.428498	2362.587162
784.751958	2363.544981
785.075372	2364.528006
785.398739	2367.729138
785.722061	2359.335617
786.045337	2360.394260
786.368568	2364.931298
786.691752	2362.108252
787.014891	2360.545494
787.337983	2362.687985
787.661030	2358.982737
787.984031	2357.394773
788.306987	2361.301667
788.629897	2358.604650
788.952760	2358.529033
789.275579	2360.116996
789.598351	2368.762575
789.921078	2368.308871
790.243759	2357.142715
790.566395	2363.771833
790.888984	2358.705473
791.211529	2363.645804
791.534027	2364.981710
791.856480	2361.906606
792.178888	2367.477081
792.501249	2358.705473
792.823566	2360.595906
793.145836	2359.159177
793.468062	2359.839733
793.790241	2366.519262
794.112375	2359.260000
794.434464	2361.049610
794.756507	2362.536750
795.078505	2367.199817
795.400457	2362.209075
795.722364	2363.318129
796.044226	2360.444671
796.366042	2351.925121
796.687812	2358.730679
797.009538	2364.250742
797.331218	2365.863912
797.652852	2363.746627
797.974442	2359.688498
798.295986	2361.982223
798.617484	2361.931812
798.938938	2360.343848
799.260346	2354.521315
799.581709	2357.016687
799.903026	2361.276462
800.224299	2362.889631
800.545526	2361.604137
800.866708	2362.612367
801.187845	2359.764115
801.508936	2359.915350
801.829983	2368.384488
802.150984	2364.275948
802.471940	2360.923581
802.792851	2364.376771
803.113717	2363.948273
803.434538	2368.888604
803.755314	2355.781604
804.076045	2360.595906
804.396731	2360.545494
804.717372	2364.780063
805.037967	2359.436440
805.358518	2364.200331
805.679024	2366.115969
805.999485	2367.325846
806.319901	2364.099508
806.640272	2363.418952
806.960598	2353.739937
807.280879	2354.420492
807.601115	2367.023377
807.921306	2367.754344
808.241453	2365.511031
808.561554	2366.897348
808.881611	2360.444671
809.201623	2364.175125
809.521590	2356.537777
809.841513	2357.823271
810.161390	2365.485825
810.481223	2356.487365
810.801011	2355.655575
811.120755	2362.914837
811.440453	2370.325333
811.760107	2366.796525
812.079716	2365.763088
812.399281	2360.747140
812.718801	2355.655575
813.038276	2348.345902
813.357707	2360.520288
813.677093	2371.182329
813.996434	2363.620598
814.315731	2355.126254
814.634983	2360.797552
814.954191	2361.931812
815.273354	2362.839219
815.592473	2362.662779
815.911547	2353.563496
816.230577	2365.334590
816.549562	2359.738910
816.868502	2360.923581
817.187399	2362.940042
817.506250	2367.477081
817.825058	2358.302181
818.143821	2357.999712
818.462539	2362.209075
818.781213	2359.612881
819.099843	2356.310925
819.418429	2364.401977
819.736970	2355.983250
820.055466	2368.157637
820.373919	2362.360310
820.692327	2365.964735
821.010691	2356.386542
821.329011	2365.914323
821.647286	2365.763088
821.965517	2362.360310
822.283704	2361.578931
822.601847	2360.721935
822.919945	2361.478108
823.237999	2366.796525
823.556010	2362.083046
823.873976	2354.370081
824.191897	2367.754344
824.509775	2358.529033
824.827609	2362.587162
825.145398	2361.074815
825.463144	2355.302694
825.780845	2358.453415
826.098502	2356.361337
826.416116	2360.444671
826.733685	2363.141688
827.051210	2358.655062
827.368692	2368.661752
827.686129	2355.378312
828.003522	2357.419979
828.320872	2352.429237
828.638177	2360.066585
828.955439	2350.715244
829.272656	2353.160204
829.589830	2350.538804
829.906960	2358.680267
830.224046	2363.066071
830.541088	2360.973992
830.858086	2359.814527
831.175041	2365.208562
831.491952	2359.436440
831.808819	2362.990454
832.125642	2362.209075
832.442421	2358.806296
832.759157	2354.874196
833.075849	2367.703933
833.392497	2355.075842
833.709101	2351.899915
834.025662	2360.646317
834.342179	2361.780577
834.658653	2364.603623
834.975083	2371.031094
835.291469	2370.804242
835.607811	2357.142715
835.924110	2360.268231
836.240366	2360.696729
836.556578	2359.007942
836.872746	2364.553212
837.188871	2360.041379
837.504952	2365.359796
837.820990	2364.074302
838.136984	2363.923067
838.452935	2358.478621
838.768842	2362.486338
839.084706	2361.452902
839.400526	2357.873683
839.716303	2358.100535
840.032037	2362.183869
840.347727	2352.353619
840.663373	2364.956504
840.978977	2361.629342
841.294537	2364.049096
841.610054	2365.813500
841.925527	2360.469877
842.240957	2356.941069
842.556344	2360.369054
842.871687	2359.638087
843.186987	2362.864425
843.502244	2369.392719
843.817458	2367.325846
844.132629	2365.662265
844.447756	2358.705473
844.762840	2352.328413
845.077881	2356.285719
845.392879	2356.714217
845.707833	2358.579444
846.022745	2360.772346
846.337613	2357.243538
846.652438	2361.982223
846.967221	2353.185410
847.281960	2359.738910
847.596656	2366.771319
847.911309	2368.686958
848.225919	2358.201358
848.540485	2363.192100
848.855009	2366.922554
849.169490	2358.453415
849.483928	2363.494569
849.798323	2357.016687
850.112675	2360.696729
850.426984	2355.126254
850.741251	2357.772860
851.055474	2358.226563
851.369654	2363.948273
851.683792	2356.915863
851.997887	2361.326873
852.311938	2357.672037
852.625947	2361.780577
852.939914	2364.452388
853.253837	2357.369567
853.567718	2359.890144
853.881555	2349.707013
854.195350	2363.570187
854.509103	2364.956504
854.822812	2362.158663
855.136479	2351.168948
855.450103	2354.722962
855.763685	2361.881400
856.077224	2360.167408
856.390720	2360.822758
856.704173	2359.386029
857.017584	2361.906606
857.330953	2362.335104
857.644278	2364.049096
857.957561	2358.403004
858.270802	2357.394773
858.584000	2362.536750
858.897155	2360.495083
859.210268	2361.352079
859.523339	2352.278002
859.836367	2358.856708
860.149352	2365.006915
860.462295	2361.906606
860.775195	2364.124713
861.088054	2358.604650
861.400869	2352.630883
861.713642	2353.412262
862.026373	2356.184896
862.339062	2368.485312
862.651708	2357.117510
862.964312	2356.210102
863.276873	2359.058354
863.589392	2356.815040
863.901869	2357.672037
864.214303	2356.487365
864.526696	2360.646317
864.839045	2364.528006
865.151353	2364.049096
865.463619	2357.999712
865.775842	2356.109279
866.088023	2354.445698
866.400162	2357.167921
866.712258	2363.267717
867.024313	2349.959071
867.336325	2356.638600
867.648296	2354.244052
867.960224	2359.360823
868.272110	2358.453415
868.583954	2362.914837
868.895755	2357.646831
869.207515	2359.386029
869.519233	2363.418952
869.830909	2367.653521
870.142542	2365.158150
870.454134	2357.344362
870.765684	2366.620085
871.077191	2356.638600
871.388657	2355.680781
871.700081	2361.931812
872.011463	2361.931812
872.322803	2355.453929
872.634101	2365.511031
872.945357	2359.184383
873.256571	2354.445698
873.567744	2363.343335
873.878874	2361.528519
874.189963	2358.024917
874.501010	2358.503827
874.812015	2358.125740
875.122979	2364.805269
875.433900	2356.890658
875.744780	2360.419465
876.055618	2364.981710
876.366415	2356.739423
876.677169	2363.166894
876.987882	2355.252283
877.298554	2357.520802
877.609183	2358.982737
877.919771	2351.647858
878.230317	2355.479135
878.540822	2359.260000
878.851285	2364.099508
879.161707	2351.824298
879.472087	2359.915350
879.782425	2362.914837
880.092722	2362.536750
880.402977	2359.260000
880.713191	2359.285206
881.023363	2361.830988
881.333494	2360.570700
881.643583	2353.588702
881.953631	2354.193640
882.263637	2357.747654
882.573602	2363.620598
882.883526	2353.891171
883.193408	2367.729138
883.503248	2356.361337
883.813048	2355.025431
884.122806	2359.738910
884.432522	2358.100535
884.742197	2358.781090
885.051831	2362.662779
885.361424	2361.200844
885.670975	2362.940042
885.980485	2352.479648
886.289954	2361.377285
886.599382	2357.621625
886.908768	2363.015660
887.218113	2368.182842
887.527417	2360.419465
887.836680	2362.536750
888.145901	2358.453415
888.455082	2355.277488
888.764221	2363.116483
889.073319	2354.521315
889.382376	2361.478108
889.691392	2358.554238
890.000366	2358.050123
890.309300	2365.460619
890.618193	2359.436440
890.927044	2365.637060
891.235855	2365.788294
891.544625	2357.772860
891.853353	2362.385515
892.162041	2362.965248
892.470687	2363.368540
892.779293	2350.085100
893.087858	2368.712163
893.396381	2359.890144
893.704864	2359.965762
894.013306	2353.765142
894.321707	2357.722448
894.630068	2362.209075
894.938387	2360.721935
895.246665	2355.378312
895.554903	2359.083560
895.863100	2355.126254
896.171256	2353.714731
896.479371	2361.604137
896.787446	2356.487365
897.095480	2365.258973
897.403473	2360.898375
897.711425	2351.723475
898.019336	2370.526979
898.327207	2362.435927
898.635038	2360.948787
898.942827	2358.705473
899.250576	2349.681808
899.558284	2361.679754
899.865952	2367.275435
900.173579	2369.997658
900.481165	2364.502800
900.788711	2355.101048
901.096216	2365.914323
901.403681	2361.604137
901.711105	2353.160204
902.018489	2357.520802
902.325832	2356.134485
902.633135	2356.991481
902.940397	2356.941069
903.247619	2357.798065
903.554800	2358.655062
903.861941	2362.435927
904.169041	2356.840246
904.476101	2362.360310
904.783121	2362.561956
905.090100	2364.830475
905.397039	2351.748681
905.703938	2361.452902
906.010796	2367.376258
906.317614	2359.335617
906.624391	2362.788808
906.931129	2355.731192
907.237826	2352.101562
907.544483	2366.141175
907.851099	2354.370081
908.157675	2360.091790
908.464211	2358.932325
908.770707	2344.262567
909.077163	2357.268744
909.383578	2348.673577
909.689954	2359.839733
909.996289	2354.067612
910.302584	2356.084073
910.608839	2359.360823
910.915054	2355.731192
911.221229	2358.428210
911.527363	2359.486852
911.833458	2356.764629
912.139513	2360.243025
912.445527	2352.303208
912.751502	2353.538290
913.057436	2360.142202
913.363331	2354.899402
913.669186	2357.243538
913.975000	2354.848990
914.280775	2357.722448
914.586510	2359.360823
914.892205	2359.335617
915.197859	2363.192100
915.503475	2358.327387
915.809050	2361.326873
916.114585	2352.630883
916.420081	2356.991481
916.725536	2358.125740
917.030952	2357.697242
917.336328	2364.729652
917.641665	2361.024404
917.946961	2350.311952
918.252218	2358.932325
918.557435	2356.764629
918.862612	2357.495596
919.167750	2352.177179
919.472848	2355.630369
919.777906	2362.788808
920.082925	2357.419979
920.387904	2362.713190
920.692843	2356.537777
920.997743	2357.293950
921.302603	2359.562469
921.607423	2356.840246
921.912204	2356.058867
922.216946	2353.084587
922.521647	2357.268744
922.826310	2356.613394
923.130932	2368.208048
923.435516	2353.639113
923.740059	2349.858248
924.044564	2355.151460
924.349028	2355.504340
924.653454	2352.832529
924.957840	2357.596419
925.262186	2357.016687
925.566493	2358.730679
925.870761	2353.008969
926.174989	2358.982737
926.479178	2353.008969
926.783328	2362.788808
927.087438	2365.536237
927.391509	2353.513085
927.695541	2360.696729
927.999533	2349.202898
928.303486	2359.864938
928.607400	2358.327387
928.911275	2362.814013
929.215110	2351.975533
929.518906	2355.227077
929.822663	2361.276462
930.126381	2353.966788
930.430060	2358.503827
930.733699	2352.706500
931.037299	2355.983250
931.340861	2364.351565
931.644383	2353.437467
931.947866	2351.799092
932.251309	2356.789835
932.554714	2358.604650
932.858080	2368.888604
933.161407	2359.486852
933.464694	2356.638600
933.767943	2359.411235
934.071153	2358.755885
934.374323	2358.176152
934.677455	2358.302181
934.980548	2349.177692
935.283602	2356.739423
935.586617	2358.453415
935.889593	2359.587675
936.192530	2355.504340
936.495428	2354.395287
936.798287	2358.276975
937.101108	2360.570700
937.403890	2357.344362
937.706632	2357.041892
938.009336	2363.242512
938.312002	2357.571213
938.614628	2358.403004
938.917216	2353.563496
939.219765	2354.647344
939.522275	2347.009996
939.824747	2359.638087
940.127179	2357.646831
940.429573	2356.235308
940.731929	2361.301667
941.034246	2351.723475
941.336524	2352.756912
941.638763	2357.495596
941.940964	2363.671010
942.243126	2360.469877
942.545250	2353.034175
942.847335	2350.513598
943.149381	2359.638087
943.451389	2367.275435
943.753359	2353.840760
944.055290	2352.177179
944.357182	2358.428210
944.659036	2352.404031
944.960851	2355.504340
945.262628	2357.041892
945.564367	2365.208562
945.866067	2358.050123
946.167729	2350.085100
946.469352	2353.034175
946.770937	2359.890144
947.072484	2351.143742
947.373992	2358.856708
947.675462	2359.386029
947.976893	2357.646831
948.278286	2353.991994
948.579641	2353.765142
948.880958	2359.108765
949.182236	2357.974506
949.483476	2365.561442
949.784678	2357.067098
950.085841	2358.881913
950.386967	2362.839219
950.688054	2351.950327
950.989103	2357.772860
951.290114	2352.580471
951.591087	2357.898888
951.892021	2354.042406
952.192917	2356.537777
952.493776	2364.074302
952.794596	2350.639627
953.095378	2355.302694
953.396122	2358.730679
953.696828	2355.378312
953.997496	2364.679240
954.298126	2356.991481
954.598718	2357.041892
954.899272	2356.058867
955.199788	2362.108252
955.500266	2361.931812
955.800706	2359.713704
956.101108	2352.857735
956.401472	2354.143229
956.701798	2349.177692
957.002087	2345.548062
957.302337	2359.839733
957.602550	2360.419465
957.902724	2353.134998
958.202861	2363.746627
958.502960	2352.051150
958.803022	2351.622652
959.103045	2359.083560
959.403031	2357.772860
959.702979	2356.310925
960.002889	2359.965762
960.302762	2351.899915
960.602596	2362.738396
960.902393	2355.857221
961.202153	2360.822758
961.501875	2362.839219
961.801559	2356.109279
962.101205	2356.890658
962.400814	2359.184383
962.700385	2351.673063
962.999918	2359.789321
963.299414	2370.048069
963.598873	2355.932838
963.898293	2352.504854
964.197677	2360.116996
964.497022	2349.707013
964.796331	2358.377798
965.095601	2358.554238
965.394835	2358.403004
965.694030	2353.891171
965.993189	2351.622652
966.292309	2361.528519
966.591393	2350.916890
966.890439	2353.336644
967.189447	2360.243025
967.488419	2350.463187
967.787353	2355.479135
968.086249	2359.108765
968.385108	2359.713704
968.683930	2359.007942
968.982714	2353.387056
969.281462	2355.428723
969.580172	2357.167921
969.878844	2355.201871
970.177480	2365.687471
970.476078	2356.210102
970.774639	2360.973992
971.073162	2359.436440
971.371649	2354.596933
971.670098	2354.924608
971.968510	2354.697756
972.266885	2353.563496
972.565223	2355.353106
972.863524	2360.318642
973.161788	2351.496623
973.460014	2356.789835
973.758204	2358.125740
974.056356	2357.596419
974.354471	2354.042406
974.652550	2360.646317
974.950591	2360.646317
975.248595	2360.772346
975.546563	2362.561956
975.844493	2359.713704
976.142386	2363.872656
976.440243	2363.242512
976.738062	2357.268744
977.035845	2361.377285
977.333590	2356.966275
977.631299	2358.050123
977.928971	2353.412262
978.226606	2357.041892
978.524204	2361.024404
978.821765	2352.983763
979.119290	2360.041379
979.416777	2356.966275
979.714228	2352.857735
980.011642	2356.714217
980.309020	2358.831502
980.606360	2352.353619
980.903664	2347.791375
981.200931	2364.956504
981.498162	2346.732733
981.795356	2360.444671
982.092513	2356.840246
982.389633	2354.244052
982.686717	2358.276975
982.983764	2359.234794
983.280775	2354.546521
983.577749	2354.949813
983.874686	2355.958044
984.171587	2355.000225
984.468451	2356.336131
984.765279	2363.318129
985.062070	2357.142715
985.358824	2355.000225
985.655543	2353.538290
985.952224	2350.261540
986.248869	2352.983763
986.545478	2354.823785
986.842050	2355.983250
987.138586	2353.261027
987.435086	2357.596419
987.731549	2356.714217
988.027975	2357.117510
988.324366	2354.924608
988.620719	2354.168435
988.917037	2348.824812
989.213318	2353.815554
989.509563	2349.707013
989.805772	2358.100535
990.101944	2354.773373
990.398080	2353.966788
990.694180	2361.478108
990.990244	2358.881913
991.286271	2357.243538
991.582262	2351.168948
991.878217	2354.294463
992.174136	2357.445185
992.470019	2351.572240
992.765865	2354.975019
993.061676	2355.806810
993.357450	2355.705987
993.653188	2353.437467
993.948890	2363.091277
994.244556	2352.278002
994.540186	2360.646317
994.835780	2352.404031
995.131337	2354.143229
995.426859	2351.421006
995.722345	2354.017200
996.017795	2357.974506
996.313208	2360.116996
996.608586	2356.436954
996.903928	2351.118537
997.199234	2363.192100
997.494504	2362.309898
997.789738	2352.000738
998.084936	2356.714217
998.380099	2357.898888
998.675225	2361.175638
998.970316	2348.371108
999.265371	2352.832529
999.560390	2359.033148
999.855373	2363.998685
1000.150320	2358.125740
1000.445232	2357.268744
1000.740108	2361.780577
1001.034948	2358.453415
1001.329752	2355.378312
1001.624521	2359.512058
1001.919254	2350.538804
1002.213951	2346.707527
1002.508613	2353.059381
1002.803239	2360.243025
1003.097829	2343.229131
1003.392384	2357.798065
1003.686903	2355.277488
1003.981386	2363.570187
1004.275834	2353.487879
1004.570246	2357.672037
1004.864623	2355.756398
1005.158964	2347.009996
1005.453270	2356.613394
1005.747540	2349.001252
1006.041775	2355.151460
1006.335974	2358.957531
1006.630138	2357.949300
1006.924266	2360.973992
1007.218359	2357.949300
1007.512416	2352.731706
1007.806438	2351.118537
1008.100425	2359.108765
1008.394376	2357.243538
1008.688292	2362.486338
1008.982172	2354.319669
1009.276017	2361.251256
1009.569827	2354.823785
1009.863602	2354.118023
1010.157341	2361.805783
1010.451045	2347.993021
1010.744714	2347.993021
1011.038347	2353.387056
1011.331945	2361.931812
1011.625508	2351.017713
1011.919036	2360.369054
1012.212528	2347.715758
1012.505986	2355.655575
1012.799408	2353.387056
1013.092795	2352.076356
1013.386147	2358.680267
1013.679464	2358.604650
1013.972745	2353.538290
1014.265992	2364.427183
1014.559204	2362.435927
1014.852380	2350.916890
1015.145521	2362.410721
1015.438628	2359.260000
1015.731699	2357.571213
1016.024736	2355.378312
1016.317737	2358.150946
1016.610703	2354.168435
1016.903635	2360.243025
1017.196531	2351.925121
1017.489393	2354.118023
1017.782219	2351.421006
1018.075011	2350.236335
1018.367768	2357.369567
1018.660490	2363.897862
1018.953177	2363.897862
1019.245829	2363.897862
