Dividing Wavelength (nm)	Counts (n)	Slit_number_37_of_a_total_of_40	
326.493990	1944.952771
326.888308	1944.952771
327.282561	1944.952771
327.676750	1917.125602
328.070874	1920.503175
328.464933	1925.191448
328.858929	1925.493917
329.252859	1949.716662
329.646726	1976.157513
330.040528	1981.954840
330.434265	2001.791781
330.827938	2020.166787
331.221547	2045.095292
331.615091	2063.671944
332.008571	2087.491396
332.401986	2108.210538
332.795338	2123.989350
333.188625	2151.135963
333.581847	2169.737821
333.975006	2180.903977
334.368100	2202.681762
334.761129	2218.712631
335.154095	2235.701319
335.546996	2253.244535
335.939833	2256.848960
336.332606	2271.191042
336.725315	2291.809362
337.117960	2287.801644
337.510540	2297.808335
337.903056	2303.731690
338.295508	2311.772331
338.687896	2323.467808
339.080220	2331.987358
339.472480	2331.231185
339.864676	2331.609271
340.256807	2340.078410
340.648875	2331.962152
341.040879	2337.633450
341.432818	2340.027998
341.824694	2341.489933
342.216506	2341.086640
342.608253	2340.456496
342.999937	2339.221413
343.391557	2333.323263
343.783113	2338.389623
344.174605	2327.904023
344.566033	2331.659683
344.957397	2333.550115
345.348697	2329.365958
345.739934	2331.584065
346.131106	2326.895792
346.522215	2322.434371
346.913260	2323.946717
347.304241	2325.232212
347.695159	2324.753302
348.086012	2313.536735
348.476802	2312.805767
348.867528	2313.158648
349.258191	2312.755356
349.648789	2321.627787
350.039324	2315.452373
350.429796	2308.646815
350.820203	2311.696713
351.210548	2309.125725
351.600828	2306.327885
351.991045	2313.940027
352.381198	2311.772331
352.771288	2306.605148
353.161314	2302.294962
353.551276	2306.378296
353.941175	2315.754842
354.331010	2317.746098
354.720782	2316.410192
355.110490	2324.803713
355.500135	2311.797537
355.889717	2308.092288
356.279235	2304.966773
356.668689	2312.049594
357.058080	2306.605148
357.447408	2310.612865
357.836672	2307.159675
358.225873	2310.915335
358.615010	2310.234779
359.004084	2316.384987
359.393095	2313.889615
359.782043	2320.266675
360.170927	2313.738381
360.559748	2314.620583
360.948505	2319.712148
361.337199	2311.847948
361.725830	2323.871100
362.114398	2312.679738
362.502903	2320.669967
362.891344	2318.149390
363.279722	2317.771304
363.668037	2321.123671
364.056289	2320.241469
364.444478	2322.913281
364.832603	2326.920998
365.220665	2320.594350
365.608665	2322.787252
365.996601	2321.602581
366.384474	2317.317600
366.772284	2329.391163
367.160031	2325.610298
367.547715	2321.350523
367.935336	2318.376242
368.322893	2318.981181
368.710388	2331.710094
369.097820	2324.702890
369.485189	2324.072746
369.872495	2323.442602
370.259738	2324.097952
370.646918	2323.493013
371.034035	2323.467808
371.421090	2330.853098
371.808081	2330.626246
372.195010	2325.030565
372.581875	2327.223467
372.968678	2327.500731
373.355418	2324.123158
373.742096	2325.484269
374.128710	2316.939513
374.515262	2332.919971
374.901751	2325.383446
375.288177	2327.147850
375.674540	2326.164825
376.060841	2321.199288
376.447079	2322.787252
376.833254	2325.408652
377.219367	2328.130875
377.605417	2322.434371
377.991404	2325.131388
378.377329	2325.736327
378.763191	2319.787765
379.148991	2330.348983
379.534727	2332.919971
379.920402	2328.710608
380.306013	2322.988898
380.691563	2330.878304
381.077049	2328.710608
381.462474	2334.457523
381.847835	2328.357727
382.233134	2330.651452
382.618371	2325.459063
383.003545	2339.473471
383.388657	2328.811431
383.773706	2323.745071
384.158693	2332.441062
384.543618	2331.029538
384.928480	2330.651452
385.313280	2333.046000
385.698017	2326.870587
386.082692	2338.238388
386.467305	2337.457010
386.851856	2331.105156
387.236344	2333.424087
387.620770	2337.507421
388.005133	2335.490960
388.389435	2337.835096
388.773674	2333.197235
389.157851	2341.741990
389.541965	2334.860815
389.926018	2333.071206
390.310008	2335.163285
390.693936	2326.719352
391.077802	2334.533140
391.461606	2343.254337
391.845348	2348.093844
392.229027	2331.231185
392.612645	2330.752275
392.996200	2349.076869
393.379694	2331.079950
393.763125	2325.736327
394.146494	2336.045487
394.529801	2340.784171
394.913047	2333.978613
395.296230	2338.843327
395.679351	2337.406598
396.062410	2329.013077
396.445408	2344.539831
396.828343	2331.760506
397.211217	2337.608244
397.594028	2335.112873
397.976778	2341.011023
398.359466	2338.011537
398.742092	2333.121617
399.124656	2341.288287
399.507158	2336.171515
399.889598	2341.439521
400.271977	2338.238388
400.654294	2338.314006
401.036549	2342.220900
401.418742	2344.615448
401.800874	2343.279542
402.182944	2338.061948
402.564952	2348.295490
402.946898	2338.666887
403.328783	2338.616475
403.710606	2346.682321
404.092367	2334.155054
404.474067	2340.834583
404.855705	2337.482215
405.237282	2345.195181
405.618797	2341.590756
406.000250	2347.715758
406.381642	2346.531087
406.762972	2342.725015
407.144240	2336.146310
407.525447	2345.573267
407.906593	2339.826352
408.287677	2342.069665
408.668700	2344.968329
409.049661	2343.203925
409.430560	2344.615448
409.811399	2335.037256
410.192176	2343.859275
410.572891	2343.909687
410.953545	2344.539831
411.334138	2346.631910
411.714669	2344.136538
412.095139	2350.690038
412.475547	2346.228617
412.855894	2347.514112
413.236180	2343.960098
413.616405	2342.573781
413.996568	2346.153000
414.376670	2344.791888
414.756711	2348.396313
415.136691	2347.438494
415.516609	2348.497137
415.896466	2348.976046
416.276262	2342.296517
416.655997	2347.388083
417.035670	2355.731192
417.415283	2352.756912
417.794834	2339.826352
418.174324	2347.362877
418.553753	2350.589215
418.933121	2347.514112
419.312428	2348.850017
419.691674	2345.598473
420.070859	2347.589729
420.449983	2352.151973
420.829045	2344.287773
421.208047	2343.380365
421.586988	2347.942610
421.965867	2342.699810
422.344686	2344.842300
422.723444	2348.345902
423.102141	2343.758452
423.480777	2352.429237
423.859352	2353.840760
424.237866	2356.159690
424.616319	2346.606704
424.994712	2346.455469
425.373044	2340.355673
425.751314	2344.917917
426.129524	2355.428723
426.507673	2346.909173
426.885762	2350.639627
427.263789	2351.521829
427.641756	2356.210102
428.019662	2351.093331
428.397508	2350.816067
428.775292	2355.353106
429.153016	2346.707527
429.530679	2353.387056
429.908282	2350.765656
430.285824	2352.882940
430.663305	2347.614935
431.040726	2350.992508
431.418086	2348.119050
431.795385	2347.085613
432.172624	2345.144769
432.549802	2349.681808
432.926920	2349.001252
433.303977	2354.244052
433.680974	2354.294463
434.057910	2353.387056
434.434786	2358.352592
434.811601	2356.991481
435.188355	2354.193640
435.565050	2358.377798
435.941683	2349.505367
436.318257	2351.849504
436.694770	2343.834069
437.071222	2354.370081
437.447614	2354.067612
437.823946	2339.297031
438.200218	2357.747654
438.576429	2354.244052
438.952580	2349.303721
439.328670	2349.102075
439.704700	2361.805783
440.080670	2355.201871
440.456580	2351.547035
440.832429	2349.782631
441.208218	2353.311438
441.583947	2359.789321
441.959616	2350.816067
442.335224	2354.218846
442.710773	2357.419979
443.086261	2357.218333
443.461689	2353.261027
443.837057	2353.487879
444.212365	2361.301667
444.587612	2358.377798
444.962800	2357.369567
445.337927	2348.799606
445.712995	2362.133458
446.088002	2353.765142
446.462949	2351.395800
446.837837	2351.673063
447.212664	2353.891171
447.587431	2356.562983
447.962139	2354.874196
448.336786	2355.983250
448.711374	2352.530060
449.085901	2355.151460
449.460369	2353.739937
449.834776	2362.209075
450.209124	2351.925121
450.583412	2361.982223
450.957640	2351.042919
451.331808	2359.562469
451.705917	2348.572754
452.079965	2354.975019
452.453954	2357.041892
452.827883	2354.344875
453.201752	2358.050123
453.575562	2349.379338
453.949311	2353.891171
454.323001	2349.202898
454.696632	2355.302694
455.070202	2362.561956
455.443713	2350.916890
455.817164	2355.151460
456.190556	2359.688498
456.563888	2351.773887
456.937160	2356.436954
457.310373	2359.285206
457.683526	2357.016687
458.056619	2361.276462
458.429653	2346.757938
458.802628	2356.512571
459.175542	2355.504340
459.548398	2360.444671
459.921194	2357.898888
460.293930	2360.570700
460.666607	2357.092304
461.039224	2356.008456
461.411782	2358.050123
461.784280	2357.344362
462.156719	2361.629342
462.529099	2358.226563
462.901419	2366.292410
463.273680	2358.755885
463.645882	2362.284692
464.018024	2364.149919
464.390106	2358.251769
464.762130	2365.057327
465.134094	2359.234794
465.505999	2361.780577
465.877845	2360.621112
466.249631	2356.941069
466.621358	2359.234794
466.993026	2355.882427
467.364634	2364.225537
467.736184	2359.587675
468.107674	2354.395287
468.479105	2354.596933
468.850477	2360.747140
469.221790	2361.301667
469.593043	2361.931812
469.964238	2362.234281
470.335373	2358.377798
470.706449	2352.278002
471.077467	2355.353106
471.448425	2358.907119
471.819324	2354.092817
472.190164	2353.437467
472.560945	2365.712677
472.931667	2362.385515
473.302330	2360.545494
473.672934	2365.611854
474.043479	2360.369054
474.413965	2357.672037
474.784393	2359.587675
475.154761	2358.907119
475.525070	2348.799606
475.895321	2352.404031
476.265513	2354.042406
476.635645	2363.544981
477.005719	2362.435927
477.375734	2358.806296
477.745691	2353.588702
478.115588	2358.125740
478.485427	2359.512058
478.855207	2365.435413
479.224928	2355.453929
479.594591	2355.705987
479.964194	2363.797038
480.333739	2354.722962
480.703226	2363.393746
481.072653	2364.326360
481.442022	2359.764115
481.811333	2364.351565
482.180584	2366.115969
482.549777	2366.418438
482.918912	2354.798579
483.287988	2364.855681
483.657005	2365.359796
484.025964	2363.217306
484.394864	2361.856194
484.763706	2362.914837
485.132489	2361.780577
485.501213	2359.789321
485.869879	2361.251256
486.238487	2368.107225
486.607036	2359.864938
486.975527	2360.116996
487.343959	2367.729138
487.712333	2359.436440
488.080648	2363.872656
488.448905	2365.788294
488.817104	2368.762575
489.185244	2369.871629
489.553326	2362.234281
489.921350	2361.881400
490.289315	2359.587675
490.657222	2354.370081
491.025070	2357.974506
491.392861	2368.132431
491.760593	2356.033662
492.128267	2364.149919
492.495883	2362.007429
492.863440	2366.594879
493.230939	2365.334590
493.598380	2361.074815
493.965763	2355.227077
494.333088	2369.115456
494.700354	2358.075329
495.067563	2365.989940
495.434713	2354.848990
495.801805	2362.360310
496.168839	2365.989940
496.535815	2362.461133
496.902733	2363.091277
497.269593	2372.619058
497.636395	2355.605163
498.003139	2365.385002
498.369825	2369.443131
498.736453	2356.890658
499.103023	2357.924094
499.469535	2364.528006
499.835989	2364.502800
500.202385	2359.486852
500.568723	2355.302694
500.935003	2358.226563
501.301226	2358.730679
501.667390	2352.580471
502.033497	2369.871629
502.399546	2361.881400
502.765537	2361.957017
503.131470	2360.545494
503.497345	2359.764115
503.863163	2364.906092
504.228923	2364.654035
504.594625	2365.359796
504.960269	2367.653521
505.325856	2365.032121
505.691385	2370.048069
506.056856	2361.251256
506.422270	2366.620085
506.787625	2362.814013
507.152924	2361.226050
507.518164	2365.485825
507.883347	2363.746627
508.248472	2363.141688
508.613540	2363.494569
508.978550	2370.022863
509.343503	2369.140662
509.708398	2372.971938
510.073236	2366.821731
510.438016	2367.451875
510.802738	2359.663292
511.167403	2361.679754
511.532010	2363.998685
511.896561	2358.024917
512.261053	2366.342821
512.625488	2360.116996
512.989866	2357.218333
513.354186	2366.494056
513.718449	2354.823785
514.082655	2360.973992
514.446803	2361.654548
514.810894	2352.731706
515.174927	2357.722448
515.538904	2367.199817
515.902822	2363.519775
516.266684	2365.914323
516.630488	2360.444671
516.994235	2361.704960
517.357925	2363.998685
517.721558	2369.241485
518.085133	2367.653521
518.448651	2359.738910
518.812112	2372.215765
519.175516	2360.721935
519.538863	2367.955990
519.902152	2368.762575
520.265385	2360.898375
520.628560	2363.746627
520.991678	2361.528519
521.354739	2362.687985
521.717743	2360.923581
522.080690	2366.191587
522.443580	2369.191073
522.806413	2368.964221
523.169189	2369.014633
523.531908	2362.536750
523.894569	2362.940042
524.257174	2367.300640
524.619722	2367.829962
524.982213	2359.007942
525.344647	2371.661238
525.707025	2361.503313
526.069345	2362.435927
526.431608	2359.688498
526.793815	2363.645804
527.155964	2362.309898
527.518057	2364.401977
527.880093	2364.225537
528.242072	2362.360310
528.603995	2359.638087
528.965860	2368.812987
529.327669	2357.167921
529.689421	2366.519262
530.051117	2363.923067
530.412755	2364.200331
530.774337	2365.989940
531.135862	2364.351565
531.497331	2353.563496
531.858743	2359.890144
532.220098	2360.066585
532.581396	2364.654035
532.942638	2362.335104
533.303824	2364.830475
533.664953	2364.880887
534.026025	2359.310412
534.387040	2364.780063
534.747999	2365.233767
535.108902	2368.812987
535.469748	2366.746113
535.830537	2359.486852
536.191270	2368.737369
536.551947	2366.090763
536.912567	2366.216792
537.273131	2366.872142
537.633638	2363.872656
537.994089	2364.502800
538.354483	2364.729652
538.714821	2354.596933
539.075103	2358.982737
539.435328	2362.486338
539.795497	2369.997658
540.155609	2374.988400
540.515665	2363.444158
540.875665	2359.688498
541.235609	2365.889117
541.595496	2364.931298
541.955328	2367.981196
542.315102	2367.678727
542.674821	2367.880373
543.034483	2369.922040
543.394090	2362.839219
543.753640	2369.695188
544.113134	2364.679240
544.472571	2369.947246
544.831953	2365.082533
545.191278	2368.182842
545.550548	2365.258973
545.909761	2362.486338
546.268918	2356.210102
546.628019	2363.444158
546.987064	2368.208048
547.346053	2371.131917
547.704986	2369.468337
548.063863	2365.788294
548.422684	2372.367000
548.781449	2360.444671
549.140158	2361.150433
549.498811	2367.804756
549.857408	2362.360310
550.215949	2373.249202
550.574434	2363.973479
550.932864	2358.982737
551.291237	2359.411235
551.649555	2366.267204
552.007817	2365.107738
552.366022	2371.913296
552.724173	2364.729652
553.082267	2369.821217
553.440305	2364.149919
553.798288	2364.275948
554.156215	2358.377798
554.514086	2369.644777
554.871902	2369.821217
555.229661	2367.477081
555.587365	2363.519775
555.945014	2362.587162
556.302606	2364.578417
556.660143	2368.132431
557.017625	2368.989427
557.375050	2365.889117
557.732421	2365.712677
558.089735	2368.031608
558.446994	2362.183869
558.804197	2360.066585
559.161345	2364.780063
559.518437	2361.957017
559.875474	2366.191587
560.232455	2371.459592
560.589381	2363.973479
560.946251	2360.091790
561.303065	2358.352592
561.659825	2372.971938
562.016528	2372.921527
562.373177	2366.216792
562.729770	2367.073788
563.086307	2359.688498
563.442789	2365.334590
563.799216	2369.266690
564.155587	2369.165867
564.511904	2364.578417
564.868164	2366.519262
565.224370	2369.695188
565.580520	2365.309385
565.936615	2364.099508
566.292654	2379.046529
566.648638	2358.957531
567.004567	2367.653521
567.360441	2362.612367
567.716260	2372.291383
568.072023	2364.427183
568.427732	2362.284692
568.783385	2366.720908
569.138982	2363.494569
569.494525	2366.645290
569.850013	2363.973479
570.205445	2358.503827
570.560823	2364.250742
570.916145	2363.267717
571.271412	2369.014633
571.626625	2369.821217
571.981782	2362.940042
572.336884	2369.947246
572.691931	2369.317102
573.046923	2364.780063
573.401860	2365.132944
573.756743	2365.611854
574.111570	2362.259487
574.466342	2368.989427
574.821059	2368.812987
575.175722	2362.738396
575.530330	2366.494056
575.884882	2358.655062
576.239380	2369.216279
576.593823	2367.351052
576.948211	2363.116483
577.302544	2367.855167
577.656823	2362.461133
578.011047	2365.561442
578.365216	2370.224510
578.719330	2368.031608
579.073389	2365.435413
579.427394	2363.217306
579.781344	2374.257433
580.135239	2372.845910
580.489080	2366.872142
580.842866	2366.947760
581.196597	2361.805783
581.550273	2367.149406
581.903895	2365.813500
582.257463	2366.393233
582.610975	2362.965248
582.964434	2360.192613
583.317837	2372.341794
583.671186	2364.880887
584.024481	2363.620598
584.377721	2371.711650
584.730906	2366.998171
585.084037	2372.064531
585.437113	2363.444158
585.790135	2360.847963
586.143103	2373.375231
586.496016	2363.368540
586.848874	2354.899402
587.201679	2363.040865
587.554428	2358.932325
587.907124	2363.040865
588.259765	2355.857221
588.612352	2369.796012
588.964884	2366.821731
589.317362	2369.468337
589.669786	2368.107225
590.022155	2372.619058
590.374470	2372.114942
590.726731	2369.216279
591.078937	2367.426669
591.431090	2369.291896
591.783188	2361.780577
592.135232	2363.771833
592.487222	2369.291896
592.839157	2360.595906
593.191038	2363.797038
593.542866	2372.114942
593.894639	2360.923581
594.246358	2365.132944
594.598022	2359.764115
594.949633	2367.829962
595.301190	2364.049096
595.652692	2362.662779
596.004141	2367.098994
596.355535	2377.130890
596.706876	2368.787781
597.058162	2360.822758
597.409395	2362.662779
597.760573	2362.637573
598.111698	2368.107225
598.462768	2360.873169
598.813785	2373.627288
599.164748	2374.887577
599.515657	2370.174098
599.866511	2365.435413
600.217312	2375.290869
600.568060	2369.266690
600.918753	2364.880887
601.269392	2359.058354
601.619978	2365.334590
601.970510	2367.653521
602.320988	2365.863912
602.671412	2367.527492
603.021783	2365.132944
603.372100	2366.090763
603.722363	2368.157637
604.072572	2361.755371
604.422728	2374.156610
604.772830	2365.233767
605.122878	2359.713704
605.472872	2370.804242
605.822813	2361.200844
606.172701	2366.695702
606.522534	2350.589215
606.872314	2370.577390
607.222041	2373.097967
607.571714	2365.385002
607.921333	2368.031608
608.270899	2370.048069
608.620411	2366.872142
608.969870	2367.073788
609.319276	2369.695188
609.668627	2367.376258
610.017926	2367.426669
610.367171	2360.948787
610.716362	2369.543954
611.065500	2368.107225
611.414585	2364.628829
611.763616	2362.083046
612.112594	2369.090250
612.461518	2356.638600
612.810389	2368.006402
613.159207	2365.637060
613.507971	2365.107738
613.856682	2362.713190
614.205340	2374.534696
614.553945	2363.544981
614.902496	2366.670496
615.250994	2370.779037
615.599439	2364.628829
615.947830	2365.385002
616.296169	2362.612367
616.644454	2371.106712
616.992686	2378.164327
617.340864	2363.797038
617.688990	2365.057327
618.037063	2369.367513
618.385082	2364.149919
618.733048	2367.754344
619.080961	2361.730165
619.428821	2370.854654
619.776628	2376.626775
620.124382	2361.301667
620.472083	2354.596933
620.819731	2368.510517
621.167326	2364.401977
621.514868	2367.527492
621.862357	2366.846937
622.209793	2368.787781
622.557176	2368.863398
622.904506	2355.151460
623.251783	2357.067098
623.599007	2364.628829
623.946179	2358.403004
624.293297	2357.924094
624.640363	2372.140148
624.987376	2372.593852
625.334336	2358.856708
625.681243	2373.249202
626.028097	2369.594365
626.374899	2369.720394
626.721647	2374.761548
627.068343	2372.165354
627.414987	2365.359796
627.761577	2365.889117
628.108115	2369.115456
628.454600	2364.603623
628.801032	2364.175125
629.147412	2363.570187
629.493739	2365.107738
629.840014	2367.880373
630.186236	2366.090763
630.532405	2366.166381
630.878521	2365.637060
631.224585	2367.577904
631.570597	2364.780063
631.916556	2372.114942
632.262462	2362.990454
632.608316	2362.057840
632.954117	2365.838706
633.299866	2372.568646
633.645562	2366.998171
633.991206	2362.561956
634.336797	2365.359796
634.682336	2362.738396
635.027823	2363.116483
635.373257	2369.443131
635.718639	2357.924094
636.063968	2364.654035
636.409245	2360.721935
636.754470	2369.342308
637.099642	2356.689012
637.444762	2365.737883
637.789829	2362.486338
638.134845	2362.738396
638.479808	2373.047556
638.824719	2361.503313
639.169577	2362.057840
639.514383	2367.250229
639.859137	2366.872142
640.203839	2363.343335
640.548489	2368.409694
640.893086	2366.872142
641.237632	2361.528519
641.582125	2365.561442
641.926566	2358.655062
642.270955	2361.452902
642.615292	2363.292923
642.959576	2362.687985
643.303809	2365.132944
643.647990	2368.006402
643.992118	2368.838192
644.336195	2362.007429
644.680219	2361.074815
645.024192	2369.972452
645.368112	2373.173585
645.711981	2357.798065
646.055797	2369.493542
646.399562	2373.450848
646.743274	2368.409694
647.086935	2366.468850
647.430544	2370.526979
647.774101	2370.375744
648.117606	2366.065558
648.461059	2374.030581
648.804460	2368.586135
649.147810	2356.008456
649.491108	2356.840246
649.834354	2366.292410
650.177548	2360.973992
650.520690	2374.383462
650.863781	2369.846423
651.206820	2367.351052
651.549807	2366.015146
651.892742	2369.594365
652.235626	2370.426156
652.578458	2358.932325
652.921238	2368.913810
653.263967	2369.594365
653.606644	2357.319156
653.949269	2368.107225
654.291843	2369.972452
654.634365	2366.872142
654.976836	2360.873169
655.319255	2365.964735
655.661622	2363.192100
656.003938	2365.435413
656.346203	2362.965248
656.688416	2353.235821
657.030577	2365.863912
657.372687	2365.586648
657.714746	2366.796525
658.056753	2369.342308
658.398708	2357.369567
658.740612	2363.368540
659.082465	2359.209588
659.424266	2357.495596
659.766016	2356.084073
660.107715	2363.872656
660.449362	2367.703933
660.790958	2364.528006
661.132503	2365.057327
661.473996	2363.040865
661.815438	2367.098994
662.156829	2371.434387
662.498168	2364.376771
662.839456	2357.268744
663.180693	2359.461646
663.521879	2364.326360
663.863013	2369.065044
664.204097	2372.644263
664.545129	2371.434387
664.886110	2370.199304
665.227040	2364.149919
665.567918	2363.746627
665.908746	2369.140662
666.249522	2364.301154
666.590248	2359.209588
666.930922	2366.645290
667.271545	2357.772860
667.612118	2365.637060
667.952639	2361.704960
668.293109	2366.494056
668.633528	2366.292410
668.973896	2374.408667
669.314213	2366.569673
669.654480	2370.930271
669.994695	2368.107225
670.334859	2367.880373
670.674973	2368.812987
671.015035	2357.798065
671.355047	2369.291896
671.695008	2363.872656
672.034918	2364.704446
672.374777	2359.688498
672.714585	2359.839733
673.054342	2374.156610
673.394049	2373.627288
673.733705	2357.596419
674.073310	2366.115969
674.412864	2364.528006
674.752368	2374.912783
675.091820	2362.511544
675.431223	2367.023377
675.770574	2367.225023
676.109875	2367.779550
676.449125	2356.638600
676.788324	2360.646317
677.127473	2361.074815
677.466571	2365.662265
677.805619	2365.309385
678.144616	2367.023377
678.483562	2356.714217
678.822458	2358.705473
679.161303	2370.602596
679.500098	2369.039838
679.838842	2364.729652
680.177535	2372.266177
680.516179	2361.352079
680.854771	2365.939529
681.193314	2358.377798
681.531805	2365.284179
681.870247	2361.503313
682.208638	2362.662779
682.546978	2362.662779
682.885268	2362.814013
683.223508	2362.410721
683.561697	2359.486852
683.899836	2364.452388
684.237925	2374.358256
684.575963	2363.544981
684.913951	2359.864938
685.251889	2370.426156
685.589776	2367.174612
685.927614	2365.334590
686.265401	2377.105685
686.603137	2364.805269
686.940824	2367.855167
687.278460	2369.569160
687.616046	2371.358769
687.953582	2359.789321
688.291068	2366.166381
688.628504	2368.611340
688.965889	2365.863912
689.303224	2363.696215
689.640510	2362.738396
689.977745	2364.704446
690.314930	2364.301154
690.652065	2364.754858
690.989150	2369.543954
691.326185	2367.603110
691.663170	2369.392719
692.000105	2363.721421
692.336990	2367.678727
692.673825	2366.821731
693.010610	2356.487365
693.347345	2361.251256
693.684030	2360.999198
694.020665	2373.022350
694.357251	2352.303208
694.693786	2365.435413
695.030272	2358.352592
695.366707	2363.192100
695.703093	2367.048583
696.039429	2366.695702
696.375716	2363.570187
696.711952	2367.225023
697.048139	2361.352079
697.384276	2368.888604
697.720363	2365.460619
698.056400	2367.729138
698.392388	2367.275435
698.728326	2365.788294
699.064214	2376.047042
699.400053	2366.342821
699.735842	2362.007429
700.071581	2371.207535
700.407270	2362.713190
700.742910	2363.570187
701.078501	2362.965248
701.414042	2366.670496
701.749533	2367.905579
702.084974	2366.569673
702.420366	2368.787781
702.755709	2359.260000
703.091002	2364.250742
703.426246	2362.511544
703.761440	2368.460106
704.096584	2365.032121
704.431679	2350.942096
704.766725	2367.098994
705.101721	2366.821731
705.436668	2370.426156
705.771565	2354.218846
706.106413	2363.620598
706.441212	2367.325846
706.775961	2370.123687
707.110661	2362.738396
707.445311	2370.804242
707.779913	2365.712677
708.114465	2368.233254
708.448967	2371.484798
708.783421	2365.637060
709.117825	2363.242512
709.452180	2369.065044
709.786485	2361.125227
710.120742	2369.417925
710.454949	2360.369054
710.789107	2365.889117
711.123216	2366.191587
711.457275	2364.023890
711.791286	2357.924094
712.125247	2362.435927
712.459159	2365.485825
712.793023	2362.763602
713.126837	2363.923067
713.460602	2366.040352
713.794318	2364.427183
714.127985	2361.150433
714.461602	2369.065044
714.795171	2363.141688
715.128691	2367.804756
715.462162	2365.511031
715.795584	2357.924094
716.128957	2360.545494
716.462281	2365.158150
716.795556	2359.360823
717.128782	2366.947760
717.461960	2364.628829
717.795088	2365.586648
718.128167	2365.536237
718.461198	2364.754858
718.794180	2367.955990
719.127113	2364.704446
719.459997	2362.209075
719.792833	2360.721935
720.125619	2358.201358
720.458357	2363.923067
720.791046	2368.233254
721.123686	2372.266177
721.456278	2362.032635
721.788821	2372.518235
722.121315	2363.822244
722.453761	2352.404031
722.786158	2368.560929
723.118506	2361.251256
723.450805	2379.172558
723.783056	2363.141688
724.115259	2357.571213
724.447412	2363.847450
724.779518	2365.939529
725.111574	2372.593852
725.443582	2360.973992
725.775542	2366.241998
726.107453	2370.804242
726.439315	2361.704960
726.771129	2363.318129
727.102895	2366.040352
727.434612	2360.318642
727.766281	2360.066585
728.097901	2360.318642
728.429473	2358.201358
728.760996	2364.427183
729.092471	2357.697242
729.423897	2359.890144
729.755276	2359.764115
730.086606	2354.848990
730.417887	2364.704446
730.749120	2364.250742
731.080305	2363.570187
731.411442	2367.930785
731.742530	2365.763088
732.073570	2368.006402
732.404562	2362.133458
732.735506	2360.520288
733.066401	2362.990454
733.397249	2363.721421
733.728048	2362.511544
734.058798	2365.309385
734.389501	2362.108252
734.720156	2356.109279
735.050762	2360.293437
735.381320	2362.108252
735.711831	2362.486338
736.042293	2372.240971
736.372707	2363.343335
736.703073	2361.251256
737.033391	2367.451875
737.363661	2361.301667
737.693883	2365.132944
738.024056	2363.444158
738.354182	2354.470904
738.684260	2369.594365
739.014290	2369.695188
739.344272	2373.072762
739.674207	2368.283665
740.004093	2367.225023
740.333931	2363.872656
740.663722	2365.687471
740.993464	2362.763602
741.323159	2369.695188
741.652806	2365.662265
741.982405	2369.493542
742.311956	2367.653521
742.641460	2355.832015
742.970915	2355.756398
743.300323	2360.923581
743.629683	2363.872656
743.958996	2360.343848
744.288260	2356.588188
744.617477	2367.300640
744.946647	2365.107738
745.275768	2360.747140
745.604842	2361.452902
745.933869	2359.890144
746.262847	2359.310412
746.591778	2362.385515
746.920662	2367.628315
747.249498	2359.209588
747.578286	2365.284179
747.907027	2365.334590
748.235720	2359.537263
748.564365	2365.889117
748.892963	2362.561956
749.221514	2369.720394
749.550017	2355.806810
749.878473	2372.367000
750.206881	2366.594879
750.535242	2364.023890
750.863555	2367.552698
751.191821	2368.082019
751.520039	2360.016173
751.848210	2366.166381
752.176334	2354.697756
752.504411	2360.999198
752.832440	2363.544981
753.160421	2359.587675
753.488356	2367.905579
753.816243	2369.871629
754.144082	2358.529033
754.471875	2362.536750
754.799620	2365.586648
755.127318	2367.300640
755.454969	2363.570187
755.782572	2367.376258
756.110129	2363.192100
756.437638	2353.462673
756.765100	2363.444158
757.092515	2365.637060
757.419882	2364.906092
757.747203	2365.208562
758.074477	2363.671010
758.401703	2367.552698
758.728882	2362.461133
759.056014	2360.142202
759.383099	2360.999198
759.710138	2363.368540
760.037129	2358.604650
760.364073	2358.453415
760.690970	2363.192100
761.017820	2363.318129
761.344623	2367.628315
761.671379	2360.595906
761.998088	2363.343335
762.324751	2355.277488
762.651366	2365.385002
762.977935	2363.620598
763.304456	2360.847963
763.630931	2355.554752
763.957359	2357.697242
764.283740	2363.318129
764.610074	2360.923581
764.936362	2359.612881
765.262602	2363.141688
765.588796	2364.427183
765.914943	2359.537263
766.241044	2359.663292
766.567097	2362.889631
766.893104	2364.452388
767.219064	2363.015660
767.544978	2368.359283
767.870845	2357.924094
768.196665	2361.755371
768.522438	2357.142715
768.848165	2358.478621
769.173846	2362.662779
769.499479	2361.326873
769.825066	2358.251769
770.150607	2358.680267
770.476101	2368.812987
770.801548	2357.193127
771.126949	2360.444671
771.452303	2368.384488
771.777611	2358.579444
772.102872	2368.182842
772.428087	2360.747140
772.753256	2362.914837
773.078378	2366.443644
773.403453	2361.528519
773.728482	2357.419979
774.053465	2356.310925
774.378401	2361.604137
774.703291	2360.091790
775.028135	2367.754344
775.352932	2364.401977
775.677683	2355.353106
776.002388	2364.301154
776.327046	2362.738396
776.651658	2365.712677
776.976224	2355.857221
777.300743	2359.915350
777.625216	2364.275948
777.949643	2362.435927
778.274024	2357.445185
778.598359	2365.385002
778.922647	2358.529033
779.246889	2357.722448
779.571086	2362.108252
779.895236	2375.341281
780.219339	2366.494056
780.543397	2361.553725
780.867409	2360.923581
781.191374	2364.250742
781.515294	2356.764629
781.839167	2366.821731
782.162995	2370.602596
782.486776	2365.687471
782.810511	2364.956504
783.134201	2359.738910
783.457844	2361.175638
783.781441	2359.890144
784.104993	2352.479648
784.428498	2362.839219
784.751958	2365.788294
785.075372	2365.435413
785.398739	2369.039838
785.722061	2352.404031
786.045337	2359.184383
786.368568	2357.016687
786.691752	2359.612881
787.014891	2366.998171
787.337983	2360.822758
787.661030	2366.670496
787.984031	2362.486338
788.306987	2355.101048
788.629897	2362.385515
788.952760	2362.133458
789.275579	2358.554238
789.598351	2353.916377
789.921078	2360.721935
790.243759	2371.636033
790.566395	2359.940556
790.888984	2358.529033
791.211529	2362.083046
791.534027	2360.822758
791.856480	2361.226050
792.178888	2365.712677
792.501249	2365.863912
792.823566	2359.335617
793.145836	2360.621112
793.468062	2360.343848
793.790241	2358.503827
794.112375	2371.005888
794.434464	2365.032121
794.756507	2360.116996
795.078505	2364.679240
795.400457	2362.158663
795.722364	2361.780577
796.044226	2360.772346
796.366042	2351.925121
796.687812	2357.999712
797.009538	2362.083046
797.331218	2357.672037
797.652852	2360.948787
797.974442	2364.931298
798.295986	2359.083560
798.617484	2358.680267
798.938938	2358.226563
799.260346	2362.687985
799.581709	2370.501773
799.903026	2367.401463
800.224299	2367.325846
800.545526	2356.462160
800.866708	2359.839733
801.187845	2358.403004
801.508936	2363.998685
801.829983	2360.419465
802.150984	2355.806810
802.471940	2367.981196
802.792851	2361.931812
803.113717	2360.898375
803.434538	2364.754858
803.755314	2352.908146
804.076045	2362.083046
804.396731	2362.839219
804.717372	2353.689525
805.037967	2361.251256
805.358518	2358.655062
805.679024	2362.032635
805.999485	2359.310412
806.319901	2358.579444
806.640272	2358.327387
806.960598	2360.520288
807.280879	2355.630369
807.601115	2377.181302
807.921306	2365.611854
808.241453	2358.655062
808.561554	2369.367513
808.881611	2365.082533
809.201623	2358.176152
809.521590	2358.705473
809.841513	2363.847450
810.161390	2369.191073
810.481223	2356.033662
810.801011	2360.066585
811.120755	2364.477594
811.440453	2363.797038
811.760107	2358.529033
812.079716	2362.057840
812.399281	2354.017200
812.718801	2367.048583
813.038276	2358.529033
813.357707	2367.603110
813.677093	2365.889117
813.996434	2361.074815
814.315731	2364.124713
814.634983	2360.369054
814.954191	2357.949300
815.273354	2366.418438
815.592473	2360.671523
815.911547	2356.462160
816.230577	2360.948787
816.549562	2364.780063
816.868502	2364.679240
817.187399	2374.207021
817.506250	2356.537777
817.825058	2368.838192
818.143821	2363.066071
818.462539	2358.352592
818.781213	2354.395287
819.099843	2359.058354
819.418429	2361.276462
819.736970	2366.468850
820.055466	2359.562469
820.373919	2362.360310
820.692327	2353.916377
821.010691	2362.965248
821.329011	2363.192100
821.647286	2361.553725
821.965517	2358.554238
822.283704	2364.729652
822.601847	2364.603623
822.919945	2361.100021
823.237999	2351.068125
823.556010	2359.940556
823.873976	2364.654035
824.191897	2361.629342
824.509775	2363.116483
824.827609	2367.552698
825.145398	2352.807323
825.463144	2375.089223
825.780845	2366.695702
826.098502	2363.973479
826.416116	2363.343335
826.733685	2357.268744
827.051210	2356.285719
827.368692	2361.452902
827.686129	2353.916377
828.003522	2359.083560
828.320872	2359.940556
828.638177	2359.738910
828.955439	2362.511544
829.272656	2358.831502
829.589830	2361.805783
829.906960	2363.368540
830.224046	2358.856708
830.541088	2350.211129
830.858086	2358.680267
831.175041	2361.352079
831.491952	2359.209588
831.808819	2365.082533
832.125642	2362.940042
832.442421	2363.721421
832.759157	2363.343335
833.075849	2363.822244
833.392497	2362.234281
833.709101	2361.074815
834.025662	2354.143229
834.342179	2369.518748
834.658653	2353.235821
834.975083	2361.654548
835.291469	2370.400950
835.607811	2362.259487
835.924110	2362.486338
836.240366	2360.016173
836.556578	2369.191073
836.872746	2359.512058
837.188871	2363.267717
837.504952	2360.268231
837.820990	2357.243538
838.136984	2362.612367
838.452935	2360.999198
838.768842	2360.066585
839.084706	2361.301667
839.400526	2357.823271
839.716303	2362.158663
840.032037	2357.621625
840.347727	2357.268744
840.663373	2361.629342
840.978977	2359.007942
841.294537	2356.815040
841.610054	2356.310925
841.925527	2361.881400
842.240957	2358.226563
842.556344	2362.335104
842.871687	2364.175125
843.186987	2366.418438
843.502244	2363.469363
843.817458	2359.108765
844.132629	2354.798579
844.447756	2359.260000
844.762840	2350.740450
845.077881	2362.032635
845.392879	2350.059894
845.707833	2361.578931
846.022745	2348.320696
846.337613	2356.134485
846.652438	2360.142202
846.967221	2361.629342
847.281960	2363.141688
847.596656	2364.830475
847.911309	2368.107225
848.225919	2358.302181
848.540485	2358.881913
848.855009	2357.344362
849.169490	2361.982223
849.483928	2361.553725
849.798323	2357.117510
850.112675	2362.864425
850.426984	2358.629856
850.741251	2363.318129
851.055474	2355.705987
851.369654	2353.286233
851.683792	2357.646831
851.997887	2365.889117
852.311938	2365.889117
852.625947	2357.293950
852.939914	2362.133458
853.253837	2355.655575
853.567718	2368.712163
853.881555	2353.008969
854.195350	2362.183869
854.509103	2362.385515
854.822812	2358.932325
855.136479	2359.209588
855.450103	2366.620085
855.763685	2368.812987
856.077224	2359.360823
856.390720	2364.704446
856.704173	2361.251256
857.017584	2367.955990
857.330953	2363.847450
857.644278	2357.445185
857.957561	2367.073788
858.270802	2355.832015
858.584000	2364.074302
858.897155	2362.385515
859.210268	2361.478108
859.523339	2360.520288
859.836367	2356.210102
860.149352	2358.403004
860.462295	2368.107225
860.775195	2357.798065
861.088054	2357.823271
861.400869	2357.067098
861.713642	2347.539317
862.026373	2360.469877
862.339062	2354.722962
862.651708	2356.436954
862.964312	2355.025431
863.276873	2352.807323
863.589392	2361.982223
863.901869	2359.688498
864.214303	2359.663292
864.526696	2358.024917
864.839045	2366.796525
865.151353	2353.210615
865.463619	2366.544467
865.775842	2359.562469
866.088023	2359.209588
866.400162	2359.486852
866.712258	2357.016687
867.024313	2361.780577
867.336325	2361.704960
867.648296	2365.233767
867.960224	2354.445698
868.272110	2357.697242
868.583954	2357.369567
868.895755	2361.503313
869.207515	2357.067098
869.519233	2362.461133
869.830909	2354.622138
870.142542	2360.066585
870.454134	2358.604650
870.765684	2356.663806
871.077191	2355.075842
871.388657	2358.276975
871.700081	2357.495596
872.011463	2356.487365
872.322803	2370.753831
872.634101	2365.233767
872.945357	2361.226050
873.256571	2355.428723
873.567744	2360.394260
873.878874	2362.435927
874.189963	2359.814527
874.501010	2354.319669
874.812015	2361.503313
875.122979	2369.115456
875.433900	2359.612881
875.744780	2369.745600
876.055618	2364.880887
876.366415	2356.638600
876.677169	2355.857221
876.987882	2360.595906
877.298554	2361.452902
877.609183	2352.681294
877.919771	2353.008969
878.230317	2364.578417
878.540822	2361.049610
878.851285	2364.956504
879.161707	2360.797552
879.472087	2362.209075
879.782425	2356.588188
880.092722	2359.310412
880.402977	2356.941069
880.713191	2363.192100
881.023363	2352.908146
881.333494	2359.436440
881.643583	2358.932325
881.953631	2357.369567
882.263637	2364.149919
882.573602	2367.451875
882.883526	2357.092304
883.193408	2352.908146
883.503248	2355.756398
883.813048	2362.435927
884.122806	2360.293437
884.432522	2363.998685
884.742197	2356.361337
885.051831	2362.133458
885.361424	2363.544981
885.670975	2354.420492
885.980485	2358.403004
886.289954	2357.092304
886.599382	2368.888604
886.908768	2359.638087
887.218113	2353.034175
887.527417	2361.276462
887.836680	2356.386542
888.145901	2360.091790
888.455082	2354.143229
888.764221	2359.184383
889.073319	2366.796525
889.382376	2358.907119
889.691392	2350.715244
890.000366	2365.107738
890.309300	2348.169462
890.618193	2357.243538
890.927044	2351.017713
891.235855	2361.352079
891.544625	2356.915863
891.853353	2360.545494
892.162041	2353.008969
892.470687	2362.814013
892.779293	2352.404031
893.087858	2358.907119
893.396381	2361.478108
893.704864	2353.588702
894.013306	2358.781090
894.321707	2359.713704
894.630068	2365.485825
894.938387	2360.721935
895.246665	2353.185410
895.554903	2358.276975
895.863100	2363.897862
896.171256	2365.032121
896.479371	2356.386542
896.787446	2357.319156
897.095480	2355.327900
897.403473	2355.554752
897.711425	2357.117510
898.019336	2361.251256
898.327207	2362.057840
898.635038	2354.521315
898.942827	2353.034175
899.250576	2355.882427
899.558284	2361.805783
899.865952	2354.924608
900.173579	2355.554752
900.481165	2366.241998
900.788711	2363.015660
901.096216	2353.008969
901.403681	2356.941069
901.711105	2360.595906
902.018489	2367.552698
902.325832	2358.453415
902.633135	2360.167408
902.940397	2364.301154
903.247619	2365.536237
903.554800	2358.478621
903.861941	2363.973479
904.169041	2357.772860
904.476101	2359.461646
904.783121	2359.436440
905.090100	2361.478108
905.397039	2361.856194
905.703938	2363.847450
906.010796	2354.143229
906.317614	2362.914837
906.624391	2356.462160
906.931129	2356.764629
907.237826	2358.554238
907.544483	2353.487879
907.851099	2354.445698
908.157675	2353.134998
908.464211	2365.561442
908.770707	2354.949813
909.077163	2354.319669
909.383578	2357.873683
909.689954	2355.302694
909.996289	2353.639113
910.302584	2349.858248
910.608839	2356.361337
910.915054	2357.999712
911.221229	2356.714217
911.527363	2355.579958
911.833458	2358.730679
912.139513	2364.275948
912.445527	2359.537263
912.751502	2352.429237
913.057436	2365.158150
913.363331	2362.461133
913.669186	2361.528519
913.975000	2358.881913
914.280775	2363.242512
914.586510	2360.923581
914.892205	2354.596933
915.197859	2360.797552
915.503475	2358.201358
915.809050	2357.873683
916.114585	2359.234794
916.420081	2356.436954
916.725536	2362.612367
917.030952	2358.251769
917.336328	2364.401977
917.641665	2357.974506
917.946961	2362.637573
918.252218	2347.640140
918.557435	2358.377798
918.862612	2356.033662
919.167750	2359.285206
919.472848	2355.529546
919.777906	2352.933352
920.082925	2357.394773
920.387904	2352.076356
920.692843	2358.024917
920.997743	2364.830475
921.302603	2364.754858
921.607423	2353.311438
921.912204	2357.672037
922.216946	2356.184896
922.521647	2355.781604
922.826310	2358.352592
923.130932	2365.561442
923.435516	2366.519262
923.740059	2356.159690
924.044564	2364.452388
924.349028	2362.738396
924.653454	2355.176665
924.957840	2357.117510
925.262186	2357.596419
925.566493	2351.799092
925.870761	2359.915350
926.174989	2364.376771
926.479178	2360.646317
926.783328	2355.252283
927.087438	2358.529033
927.391509	2353.714731
927.695541	2360.948787
927.999533	2360.747140
928.303486	2360.948787
928.607400	2358.251769
928.911275	2357.495596
929.215110	2354.975019
929.518906	2351.320183
929.822663	2367.376258
930.126381	2358.403004
930.430060	2355.655575
930.733699	2357.848477
931.037299	2359.713704
931.340861	2364.074302
931.644383	2363.519775
931.947866	2359.108765
932.251309	2355.529546
932.554714	2356.310925
932.858080	2360.747140
933.161407	2353.588702
933.464694	2355.958044
933.767943	2361.629342
934.071153	2350.967302
934.374323	2360.369054
934.677455	2359.612881
934.980548	2356.310925
935.283602	2363.318129
935.586617	2351.975533
935.889593	2357.672037
936.192530	2362.511544
936.495428	2358.453415
936.798287	2357.546008
937.101108	2354.420492
937.403890	2352.958558
937.706632	2357.243538
938.009336	2357.495596
938.312002	2358.176152
938.614628	2358.201358
938.917216	2356.915863
939.219765	2353.261027
939.522275	2362.612367
939.824747	2359.940556
940.127179	2355.025431
940.429573	2344.161744
940.731929	2353.714731
941.034246	2349.858248
941.336524	2357.193127
941.638763	2359.310412
941.940964	2360.192613
942.243126	2357.520802
942.545250	2359.209588
942.847335	2361.074815
943.149381	2353.336644
943.451389	2347.186437
943.753359	2353.336644
944.055290	2355.126254
944.357182	2360.217819
944.659036	2355.882427
944.960851	2360.696729
945.262628	2362.738396
945.564367	2359.234794
945.866067	2352.681294
946.167729	2359.133971
946.469352	2352.101562
946.770937	2359.814527
947.072484	2363.998685
947.373992	2359.335617
947.675462	2358.478621
947.976893	2355.806810
948.278286	2351.547035
948.579641	2353.865965
948.880958	2358.327387
949.182236	2361.226050
949.483476	2349.505367
949.784678	2357.041892
950.085841	2358.377798
950.386967	2356.512571
950.688054	2351.975533
950.989103	2354.496110
951.290114	2347.892198
951.591087	2364.175125
951.892021	2365.662265
952.192917	2356.865452
952.493776	2355.025431
952.794596	2360.898375
953.095378	2355.857221
953.396122	2358.327387
953.696828	2354.143229
953.997496	2357.520802
954.298126	2356.058867
954.598718	2358.327387
954.899272	2357.823271
955.199788	2352.429237
955.500266	2350.185923
955.800706	2348.875223
956.101108	2361.352079
956.401472	2353.336644
956.701798	2350.967302
957.002087	2355.680781
957.302337	2358.276975
957.602550	2357.596419
957.902724	2351.042919
958.202861	2363.897862
958.502960	2351.471417
958.803022	2362.536750
959.103045	2359.436440
959.403031	2357.319156
959.702979	2350.034688
960.002889	2362.662779
960.302762	2352.756912
960.602596	2346.808350
960.902393	2355.882427
961.202153	2356.890658
961.501875	2353.160204
961.801559	2353.916377
962.101205	2352.731706
962.400814	2360.394260
962.700385	2353.563496
962.999918	2354.244052
963.299414	2351.874710
963.598873	2359.033148
963.898293	2358.302181
964.197677	2356.663806
964.497022	2356.134485
964.796331	2358.680267
965.095601	2356.764629
965.394835	2361.024404
965.694030	2358.176152
965.993189	2355.277488
966.292309	2353.815554
966.591393	2359.260000
966.890439	2354.445698
967.189447	2358.201358
967.488419	2351.874710
967.787353	2356.487365
968.086249	2356.184896
968.385108	2358.453415
968.683930	2358.579444
968.982714	2355.353106
969.281462	2355.932838
969.580172	2354.924608
969.878844	2362.486338
970.177480	2364.628829
970.476078	2357.167921
970.774639	2355.579958
971.073162	2358.428210
971.371649	2354.344875
971.670098	2348.522342
971.968510	2355.327900
972.266885	2352.202385
972.565223	2363.570187
972.863524	2347.967815
973.161788	2356.613394
973.460014	2357.218333
973.758204	2359.108765
974.056356	2351.773887
974.354471	2350.261540
974.652550	2358.352592
974.950591	2355.806810
975.248595	2351.219360
975.546563	2366.443644
975.844493	2355.932838
976.142386	2351.723475
976.440243	2359.940556
976.738062	2354.647344
977.035845	2349.202898
977.333590	2359.108765
977.631299	2358.201358
977.928971	2353.916377
978.226606	2357.848477
978.524204	2355.806810
978.821765	2358.428210
979.119290	2354.294463
979.416777	2351.950327
979.714228	2358.529033
980.011642	2356.739423
980.309020	2355.176665
980.606360	2358.957531
980.903664	2358.503827
981.200931	2353.059381
981.498162	2354.924608
981.795356	2349.328927
982.092513	2358.478621
982.389633	2361.604137
982.686717	2363.746627
982.983764	2356.235308
983.280775	2360.999198
983.577749	2352.353619
983.874686	2362.461133
984.171587	2357.319156
984.468451	2355.201871
984.765279	2362.536750
985.062070	2355.151460
985.358824	2355.756398
985.655543	2359.033148
985.952224	2355.907633
986.248869	2355.983250
986.545478	2356.411748
986.842050	2356.033662
987.138586	2354.395287
987.435086	2352.000738
987.731549	2357.848477
988.027975	2358.453415
988.324366	2357.546008
988.620719	2356.512571
988.917037	2354.294463
989.213318	2346.606704
989.509563	2352.177179
989.805772	2358.806296
990.101944	2354.924608
990.398080	2357.319156
990.694180	2349.681808
990.990244	2362.108252
991.286271	2358.478621
991.582262	2356.033662
991.878217	2361.730165
992.174136	2360.595906
992.470019	2366.771319
992.765865	2355.705987
993.061676	2350.841273
993.357450	2348.749194
993.653188	2349.555779
993.948890	2354.244052
994.244556	2355.832015
994.540186	2357.823271
994.835780	2369.493542
995.131337	2359.083560
995.426859	2350.362363
995.722345	2354.521315
996.017795	2352.504854
996.313208	2360.999198
996.608586	2356.638600
996.903928	2358.554238
997.199234	2351.446212
997.494504	2350.463187
997.789738	2356.084073
998.084936	2347.967815
998.380099	2359.083560
998.675225	2359.411235
998.970316	2352.555265
999.265371	2351.824298
999.560390	2355.958044
999.855373	2359.335617
1000.150320	2359.612881
1000.445232	2356.915863
1000.740108	2357.873683
1001.034948	2353.210615
1001.329752	2353.235821
1001.624521	2351.219360
1001.919254	2352.756912
1002.213951	2358.050123
1002.508613	2356.361337
1002.803239	2356.336131
1003.097829	2350.740450
1003.392384	2360.318642
1003.686903	2360.847963
1003.981386	2354.143229
1004.275834	2356.638600
1004.570246	2351.496623
1004.864623	2348.371108
1005.158964	2349.429750
1005.453270	2364.351565
1005.747540	2350.236335
1006.041775	2362.713190
1006.335974	2349.858248
1006.630138	2361.805783
1006.924266	2363.393746
1007.218359	2356.436954
1007.512416	2354.370081
1007.806438	2356.739423
1008.100425	2359.310412
1008.394376	2353.916377
1008.688292	2355.151460
1008.982172	2357.999712
1009.276017	2348.270285
1009.569827	2359.260000
1009.863602	2351.824298
1010.157341	2355.857221
1010.451045	2350.715244
1010.744714	2352.908146
1011.038347	2349.303721
1011.331945	2358.075329
1011.625508	2355.075842
1011.919036	2358.302181
1012.212528	2353.462673
1012.505986	2359.184383
1012.799408	2361.856194
1013.092795	2362.410721
1013.386147	2359.587675
1013.679464	2351.723475
1013.972745	2350.160717
1014.265992	2354.218846
1014.559204	2347.312465
1014.852380	2355.832015
1015.145521	2357.268744
1015.438628	2360.369054
1015.731699	2350.740450
1016.024736	2353.790348
1016.317737	2359.638087
1016.610703	2362.158663
1016.903635	2346.631910
1017.196531	2350.816067
1017.489393	2352.454442
1017.782219	2349.429750
1018.075011	2350.488392
1018.367768	2356.109279
1018.660490	2348.799606
1018.953177	2348.799606
1019.245829	2348.799606
