Dividing Wavelength (nm)	Counts (n)	Slit_number_14_of_a_total_of_40	
326.493990	1942.785075
326.888308	1942.785075
327.282561	1942.785075
327.676750	1913.193502
328.070874	1917.982598
328.464933	1923.578279
328.858929	1935.702254
329.252859	1945.809767
329.646726	1966.478498
330.040528	1985.559265
330.434265	2004.665238
330.827938	2022.838598
331.221547	2049.355067
331.615091	2057.496531
332.008571	2084.063412
332.401986	2107.908069
332.795338	2120.258896
333.188625	2139.037194
333.581847	2168.906031
333.975006	2183.827846
334.368100	2209.487319
334.761129	2220.779504
335.154095	2231.290310
335.546996	2250.471900
335.939833	2270.258429
336.332606	2276.333019
336.725315	2288.734258
337.117960	2291.758950
337.510540	2308.067083
337.903056	2315.049081
338.295508	2320.140646
338.687896	2316.309369
339.080220	2329.895279
339.472480	2338.893738
339.864676	2341.792402
340.256807	2347.463700
340.648875	2339.120590
341.040879	2344.312979
341.432818	2339.196208
341.824694	2353.739937
342.216506	2340.103615
342.608253	2345.648885
342.999937	2343.808863
343.391557	2342.725015
343.783113	2341.086640
344.174605	2340.305262
344.566033	2335.541371
344.957397	2333.726556
345.348697	2334.608758
345.739934	2330.802687
346.131106	2327.979640
346.522215	2323.770277
346.913260	2327.349496
347.304241	2324.551656
347.695159	2319.712148
348.086012	2327.752788
348.476802	2319.208033
348.867528	2317.846921
349.258191	2322.585606
349.648789	2319.182827
350.039324	2317.368012
350.429796	2313.385500
350.820203	2316.586633
351.210548	2312.276446
351.600828	2316.057312
351.991045	2324.879331
352.381198	2309.176137
352.771288	2309.781075
353.161314	2312.100006
353.551276	2303.252781
353.941175	2313.587146
354.331010	2311.671508
354.720782	2315.099492
355.110490	2319.334062
355.500135	2322.434371
355.889717	2312.982208
356.279235	2311.243010
356.668689	2321.753815
357.058080	2310.360808
357.447408	2314.847435
357.836672	2315.175110
358.225873	2311.797537
358.615010	2309.377783
359.004084	2316.233752
359.393095	2324.652479
359.782043	2324.828919
360.170927	2324.476038
360.559748	2317.746098
360.948505	2318.804740
361.337199	2314.973463
361.725830	2319.308856
362.114398	2327.929229
362.502903	2319.611325
362.891344	2314.721406
363.279722	2323.467808
363.668037	2322.862869
364.056289	2322.888075
364.444478	2325.837150
364.832603	2326.467294
365.220665	2319.359267
365.608665	2326.492500
365.996601	2322.888075
366.384474	2319.762560
366.772284	2326.568117
367.160031	2318.855152
367.547715	2329.416369
367.935336	2318.577888
368.322893	2334.533140
368.710388	2325.811944
369.097820	2328.811431
369.485189	2333.222440
369.872495	2333.323263
370.259738	2330.273365
370.646918	2332.693119
371.034035	2327.349496
371.421090	2326.643735
371.808081	2332.012563
372.195010	2333.020794
372.581875	2320.695173
372.968678	2325.433858
373.355418	2322.837663
373.742096	2327.752788
374.128710	2329.970896
374.515262	2329.668427
374.901751	2327.248673
375.288177	2338.112360
375.674540	2327.651965
376.060841	2332.163798
376.447079	2325.307829
376.833254	2327.500731
377.219367	2320.871613
377.605417	2330.525423
377.991404	2321.955462
378.377329	2327.198262
378.763191	2334.507935
379.148991	2333.676144
379.534727	2328.735813
379.920402	2331.029538
380.306013	2328.786225
380.691563	2332.264621
381.077049	2333.197235
381.462474	2336.146310
381.847835	2335.919458
382.233134	2333.146823
382.618371	2335.616988
383.003545	2333.726556
383.388657	2334.608758
383.773706	2338.061948
384.158693	2336.826865
384.543618	2333.726556
384.928480	2334.961638
385.313280	2337.835096
385.698017	2335.616988
386.082692	2334.835610
386.467305	2338.792915
386.851856	2337.961125
387.236344	2343.027485
387.620770	2345.724502
388.005133	2338.314006
388.389435	2332.793942
388.773674	2340.204438
389.157851	2342.573781
389.541965	2348.270285
389.926018	2339.095385
390.310008	2342.346929
390.693936	2343.531600
391.077802	2342.195694
391.461606	2343.506394
391.845348	2335.869046
392.229027	2339.876763
392.612645	2347.690552
392.996200	2333.776967
393.379694	2340.632937
393.763125	2337.431804
394.146494	2341.792402
394.529801	2342.044460
394.913047	2350.337158
395.296230	2347.085613
395.679351	2348.648371
396.062410	2348.093844
396.445408	2340.355673
396.828343	2345.951354
397.211217	2340.078410
397.594028	2338.717298
397.976778	2338.994562
398.359466	2338.036742
398.742092	2337.457010
399.124656	2346.606704
399.507158	2348.295490
399.889598	2348.824812
400.271977	2350.942096
400.654294	2348.421519
401.036549	2349.076869
401.418742	2347.690552
401.800874	2337.885508
402.182944	2346.631910
402.564952	2343.632423
402.946898	2347.766169
403.328783	2355.781604
403.710606	2351.143742
404.092367	2349.127281
404.474067	2350.110306
404.855705	2351.925121
405.237282	2349.656602
405.618797	2344.388596
406.000250	2349.959071
406.381642	2350.942096
406.762972	2341.792402
407.144240	2350.942096
407.525447	2345.699296
407.906593	2352.025944
408.287677	2351.219360
408.668700	2353.261027
409.049661	2354.546521
409.430560	2350.437981
409.811399	2359.133971
410.192176	2353.563496
410.572891	2350.211129
410.953545	2349.908660
411.334138	2352.151973
411.714669	2352.378825
412.095139	2359.461646
412.475547	2350.740450
412.855894	2352.278002
413.236180	2358.276975
413.616405	2357.117510
413.996568	2351.622652
414.376670	2351.042919
414.756711	2353.588702
415.136691	2353.991994
415.516609	2355.252283
415.896466	2354.067612
416.276262	2361.629342
416.655997	2351.320183
417.035670	2350.589215
417.415283	2351.496623
417.794834	2357.924094
418.174324	2354.596933
418.553753	2356.361337
418.933121	2357.924094
419.312428	2367.426669
419.691674	2357.898888
420.070859	2359.764115
420.449983	2358.478621
420.829045	2355.882427
421.208047	2359.461646
421.586988	2359.638087
421.965867	2357.672037
422.344686	2354.168435
422.723444	2365.939529
423.102141	2353.513085
423.480777	2357.495596
423.859352	2359.386029
424.237866	2354.546521
424.616319	2356.613394
424.994712	2361.780577
425.373044	2362.032635
425.751314	2368.939015
426.129524	2369.140662
426.507673	2364.225537
426.885762	2361.100021
427.263789	2361.931812
427.641756	2360.495083
428.019662	2361.150433
428.397508	2363.519775
428.775292	2358.377798
429.153016	2354.118023
429.530679	2371.762062
429.908282	2367.477081
430.285824	2360.595906
430.663305	2358.907119
431.040726	2352.202385
431.418086	2364.931298
431.795385	2372.921527
432.172624	2359.512058
432.549802	2366.494056
432.926920	2361.755371
433.303977	2367.149406
433.680974	2359.688498
434.057910	2364.477594
434.434786	2363.948273
434.811601	2371.636033
435.188355	2363.368540
435.565050	2360.419465
435.941683	2359.965762
436.318257	2375.946219
436.694770	2359.587675
437.071222	2370.098481
437.447614	2359.587675
437.823946	2366.393233
438.200218	2377.332537
438.576429	2371.636033
438.952580	2368.233254
439.328670	2370.955477
439.704700	2375.139635
440.080670	2374.232227
440.456580	2372.719881
440.832429	2375.240458
441.208218	2375.820190
441.583947	2377.786240
441.959616	2380.382435
442.335224	2367.829962
442.710773	2373.753317
443.086261	2379.323792
443.461689	2378.870088
443.837057	2371.157123
444.212365	2386.961140
444.587612	2379.651467
444.962800	2383.482744
445.337927	2381.894781
445.712995	2373.702906
446.088002	2386.986346
446.462949	2379.399410
446.837837	2392.682850
447.212664	2400.975548
447.587431	2397.295506
447.962139	2408.738925
448.336786	2411.587177
448.711374	2412.444173
449.085901	2416.981212
449.460369	2412.923083
449.834776	2420.636048
450.209124	2431.650969
450.583412	2425.929260
450.957640	2429.533685
451.331808	2450.353650
451.705917	2439.716815
452.079965	2452.596963
452.453954	2452.193671
452.827883	2460.561987
453.201752	2472.106229
453.575562	2477.046560
453.949311	2491.388642
454.323001	2507.545540
454.696632	2522.215298
455.070202	2556.243087
455.443713	2562.191648
455.817164	2583.339288
456.190556	2601.361413
456.563888	2610.990017
456.937160	2631.507513
457.310373	2637.506487
457.683526	2659.637152
458.056619	2692.253417
458.429653	2725.146946
458.802628	2756.301277
459.175542	2782.842952
459.548398	2850.772500
459.921194	2920.718510
460.293930	3001.276148
460.666607	3082.589960
461.039224	3156.089983
461.411782	3205.871377
461.784280	3202.342569
462.156719	3227.623956
462.529099	3263.542177
462.901419	3276.800412
463.273680	3307.778302
463.645882	3377.724312
464.018024	3452.610652
464.390106	3585.772731
464.762130	3837.074250
465.134094	4180.149975
465.505999	4523.074465
465.877845	4767.973719
466.249631	4855.135269
466.621358	4812.814783
466.993026	4779.996871
467.364634	4788.793685
467.736184	4794.288542
468.107674	4835.046271
468.479105	4886.440835
468.850477	4942.674906
469.221790	4972.543742
469.593043	4978.517510
469.964238	5023.787071
470.335373	5170.207385
470.706449	5582.019242
471.077467	6032.597573
471.448425	6481.411500
471.819324	6676.554565
472.190164	6554.583848
472.560945	6363.675352
472.931667	6226.480350
473.302330	6288.990658
473.672934	6344.997877
474.043479	6548.156377
474.413965	6605.650737
474.784393	6683.133271
475.154761	6933.678617
475.525070	7073.444608
475.895321	7169.352560
476.265513	7372.334619
476.635645	7659.579565
477.005719	7804.033829
477.375734	8015.510233
477.745691	8292.067933
478.115588	8691.654992
478.485427	9253.138708
478.855207	10021.536583
479.224928	10515.216779
479.594591	10855.923162
479.964194	10716.434435
480.333739	10964.282763
480.703226	11267.608990
481.072653	11542.982019
481.442022	11732.907490
481.811333	11889.989844
482.180584	11791.057200
482.549777	11876.782021
482.918912	11908.894171
483.287988	11990.964156
483.657005	11974.277937
484.025964	12001.928665
484.394864	12149.004329
484.763706	12254.389650
485.132489	12190.417408
485.501213	12341.072290
485.869879	12524.368644
486.238487	12622.368675
486.607036	12806.320379
486.975527	12815.772542
487.343959	13018.956248
487.712333	13180.651258
488.080648	13301.160040
488.448905	13595.538219
488.817104	13710.753790
489.185244	14308.659842
489.553326	15074.814404
489.921350	15979.096581
490.289315	16831.101992
490.657222	16977.345865
491.025070	17103.677181
491.392861	16820.439952
491.760593	16496.016496
492.128267	16109.586848
492.495883	15797.665454
492.863440	15535.953952
493.230939	15263.555204
493.598380	15070.630246
493.965763	15061.430140
494.333088	14931.267548
494.700354	14882.796854
495.067563	14873.042221
495.434713	14914.404888
495.801805	15018.479510
496.168839	14955.313852
496.535815	14917.152317
496.902733	14957.078256
497.269593	14875.663621
497.636395	14929.427527
498.003139	15066.017590
498.369825	14948.785558
498.736453	15074.108642
499.103023	14970.412108
499.469535	14955.918790
499.835989	14988.761908
500.202385	14910.397171
500.568723	14924.865283
500.935003	14990.601929
501.301226	14902.633794
501.667390	15081.821608
502.033497	15115.597338
502.399546	14922.395117
502.765537	14667.287527
503.131470	14741.896604
503.497345	14856.456825
503.863163	14401.996806
504.228923	14593.837915
504.594625	14676.336398
504.960269	14381.504515
505.325856	14546.249423
505.691385	14329.857894
506.056856	14332.302854
506.422270	14393.124375
506.787625	14197.603223
507.152924	14182.454556
507.518164	14137.336229
507.883347	13813.719358
508.248472	13800.335094
508.613540	13900.175146
508.978550	13888.706521
509.343503	13739.362338
509.708398	13714.282598
510.073236	13762.576852
510.438016	13689.354092
510.802738	13453.478504
511.167403	13497.185308
511.532010	13458.822127
511.896561	13449.622021
512.261053	13533.683262
512.625488	13331.482581
512.989866	13154.563287
513.354186	13021.098738
513.718449	12876.972150
514.082655	12967.763331
514.446803	12746.885175
514.810894	12749.002460
515.174927	12603.363525
515.538904	12447.717900
515.902822	12472.369142
516.266684	12237.148904
516.630488	12193.618540
516.994235	12027.109229
517.357925	12037.796475
517.721558	11957.087602
518.085133	11883.259904
518.448651	11767.515012
518.812112	11578.194479
519.175516	11470.364198
519.538863	11428.497415
519.902152	11262.315779
520.265385	11235.017931
520.628560	11084.489077
520.991678	10935.875862
521.354739	10844.479742
521.717743	10754.091854
522.080690	10616.695206
522.443580	10573.139637
522.806413	10435.566548
523.169189	10308.227002
523.531908	10174.989306
523.894569	10043.969717
524.257174	9940.928533
524.619722	9831.938787
524.982213	9731.115710
525.344647	9571.159898
525.707025	9455.793092
526.069345	9377.377944
526.431608	9232.394360
526.793815	9150.601638
527.155964	8937.184390
527.518057	8848.081996
527.880093	8668.062392
528.242072	8631.640056
528.603995	8463.643604
528.965860	8345.201694
529.327669	8213.299904
529.689421	8106.024150
530.051117	7973.567833
530.412755	7879.499902
530.774337	7766.981348
531.135862	7611.436546
531.497331	7502.547623
531.858743	7392.952938
532.220098	7305.186450
532.581396	7162.370562
532.942638	7023.234715
533.303824	6936.476458
533.664953	6828.167267
534.026025	6694.047369
534.387040	6646.257231
534.747999	6535.906373
535.108902	6446.375481
535.469748	6307.315252
535.830537	6218.414504
536.191270	6125.808508
536.551947	5987.832127
536.912567	5934.320279
537.273131	5851.897413
537.633638	5710.266196
537.994089	5659.048073
538.354483	5534.808837
538.714821	5478.398325
539.075103	5424.205921
539.435328	5318.291279
539.795497	5223.366352
540.155609	5138.095235
540.515665	5086.776288
540.875665	4964.074604
541.235609	4913.562242
541.595496	4840.389894
541.955328	4804.874965
542.315102	4697.296742
542.674821	4617.470071
543.034483	4543.339904
543.394090	4463.361998
543.753640	4404.808996
544.113134	4382.123804
544.472571	4264.790948
544.831953	4262.018313
545.191278	4177.629398
545.550548	4095.635031
545.909761	4062.590267
546.268918	4017.597969
546.628019	3976.941063
546.987064	3907.574787
547.346053	3838.586596
547.704986	3812.675065
548.063863	3744.140579
548.422684	3706.533571
548.781449	3660.860717
549.140158	3626.303608
549.498811	3586.503698
549.857408	3523.111188
550.215949	3510.256246
550.574434	3471.590596
550.932864	3435.697581
551.291237	3407.693971
551.649555	3368.675440
552.007817	3347.578212
552.366022	3320.456804
552.724173	3282.572533
553.082267	3252.073552
553.440305	3254.997421
553.798288	3207.585369
554.156215	3176.809125
554.514086	3167.482990
554.871902	3132.421765
555.229661	3118.004065
555.587365	3091.109510
555.945014	3075.204669
556.302606	3042.411963
556.660143	3034.850233
557.017625	3019.222656
557.375050	2991.219046
557.732421	2981.565237
558.089735	2957.544138
558.446994	2953.032306
558.804197	2940.202569
559.161345	2927.070363
559.518437	2904.637229
559.875474	2888.329096
560.232455	2886.841956
560.589381	2867.105838
560.946251	2853.973633
561.303065	2846.411902
561.659825	2839.303875
562.016528	2816.089362
562.373177	2800.713842
562.729770	2807.368165
563.086307	2789.295629
563.442789	2778.482354
563.799216	2766.333173
564.155587	2758.695825
564.511904	2748.941192
564.868164	2740.749317
565.224370	2739.589852
565.580520	2726.104765
565.936615	2726.281206
566.292654	2703.343956
566.648638	2705.763710
567.004567	2689.833663
567.360441	2682.498785
567.716260	2671.156188
568.072023	2675.743638
568.427732	2657.318221
568.783385	2651.873775
569.138982	2645.446304
569.494525	2640.430356
569.850013	2628.381998
570.205445	2628.533233
570.560823	2618.299690
570.916145	2622.685494
571.271412	2612.779627
571.626625	2605.873246
571.981782	2600.680858
572.336884	2591.758015
572.691931	2581.448856
573.046923	2581.272415
573.401860	2578.802250
573.756743	2567.005950
574.111570	2575.071796
574.466342	2562.746175
574.821059	2545.429812
575.175722	2548.630944
575.530330	2543.892260
575.884882	2543.892260
576.239380	2537.389171
576.593823	2533.205013
576.948211	2528.541946
577.302544	2526.424662
577.656823	2521.685977
578.011047	2514.048629
578.365216	2523.047088
578.719330	2508.578977
579.073389	2508.805829
579.427394	2497.866525
579.781344	2501.899448
580.135239	2497.185969
580.489080	2491.665906
580.842866	2484.633496
581.196597	2484.028558
581.550273	2472.963225
581.903895	2481.003865
582.257463	2479.315079
582.610975	2478.634523
582.964434	2473.870633
583.317837	2472.837196
583.671186	2468.728656
584.024481	2470.871146
584.377721	2465.577935
584.730906	2460.057871
585.084037	2457.587706
585.437113	2451.739967
585.790135	2465.855198
586.143103	2452.672581
586.496016	2447.026488
586.848874	2455.898919
587.201679	2445.136056
587.554428	2440.951898
587.907124	2445.993052
588.259765	2439.868050
588.612352	2433.642225
588.964884	2443.648915
589.317362	2435.179777
589.669786	2445.060438
590.022155	2435.104160
590.374470	2439.893256
590.726731	2440.346960
591.078937	2437.725560
591.431090	2434.095929
591.783188	2429.659713
592.135232	2430.693150
592.487222	2425.198292
592.839157	2421.240987
593.191038	2425.576379
593.542866	2426.105700
593.894639	2425.021852
594.246358	2422.198806
594.598022	2434.600044
594.949633	2419.073290
595.301190	2422.854156
595.652692	2414.435429
596.004141	2417.712179
596.355535	2420.762077
596.706876	2409.091806
597.058162	2419.148908
597.409395	2411.914852
597.760573	2412.368556
598.111698	2414.284194
598.462768	2414.737898
598.813785	2416.124215
599.164748	2416.023392
599.515657	2422.173600
599.866511	2406.873698
600.217312	2411.511560
600.568060	2417.082035
600.918753	2416.603125
601.269392	2405.840262
601.619978	2399.992523
601.970510	2405.285735
602.320988	2402.538306
602.671412	2415.771335
603.021783	2403.470919
603.372100	2403.874212
603.722363	2402.815569
604.072572	2407.932340
604.422728	2408.915365
604.772830	2405.966290
605.122878	2406.974521
605.472872	2407.806312
605.822813	2406.621640
606.172701	2406.798081
606.522534	2401.126783
606.872314	2412.620613
607.222041	2401.479663
607.571714	2401.681310
607.921333	2399.916906
608.270899	2404.781619
608.620411	2409.318658
608.969870	2402.689540
609.319276	2394.900958
609.668627	2408.234810
610.017926	2402.992010
610.367171	2396.161246
610.716362	2400.597462
611.065500	2403.596948
611.414585	2396.362892
611.763616	2407.831517
612.112594	2396.665362
612.461518	2398.505383
612.810389	2397.875238
613.159207	2402.613923
613.507971	2401.857750
613.856682	2398.454971
614.205340	2406.218348
614.553945	2401.202400
614.902496	2400.068140
615.250994	2396.010012
615.599439	2390.817623
615.947830	2399.614437
616.296169	2397.597975
616.644454	2397.522358
616.992686	2390.817623
617.340864	2406.319171
617.688990	2399.135527
618.037063	2402.765158
618.385082	2399.564025
618.733048	2396.715773
619.080961	2388.297046
619.428821	2396.740979
619.776628	2396.488921
620.124382	2396.438510
620.472083	2402.336660
620.819731	2395.405073
621.167326	2402.739952
621.514868	2398.858263
621.862357	2390.691594
622.209793	2401.151988
622.557176	2389.607746
622.904506	2395.833571
623.251783	2386.935935
623.599007	2394.447254
623.946179	2387.011552
624.293297	2393.136554
624.640363	2390.540360
624.987376	2403.168450
625.334336	2388.044988
625.681243	2399.286762
626.028097	2390.615977
626.374899	2397.018242
626.721647	2398.984292
627.068343	2390.414331
627.414987	2395.077398
627.761577	2397.245094
628.108115	2398.883469
628.454600	2393.161760
628.801032	2389.607746
629.147412	2386.280585
629.493739	2385.801675
629.840014	2390.742006
630.186236	2390.187479
630.532405	2393.035731
630.878521	2393.035731
631.224585	2394.144785
631.570597	2387.692108
631.916556	2392.077912
632.262462	2388.423075
632.608316	2395.581513
632.954117	2387.843342
633.299866	2386.003321
633.645562	2389.406100
633.991206	2388.347458
634.336797	2395.405073
634.682336	2382.247662
635.027823	2385.751263
635.373257	2388.574310
635.718639	2396.614950
636.063968	2385.675646
636.409245	2385.600029
636.754470	2396.614950
637.099642	2388.145812
637.444762	2393.917933
637.789829	2395.732748
638.134845	2385.448794
638.479808	2393.968344
638.824719	2394.875752
639.169577	2388.044988
639.514383	2380.785727
639.859137	2384.289329
640.203839	2386.356202
640.548489	2384.617004
640.893086	2378.668442
641.237632	2380.659698
641.582125	2380.836138
641.926566	2384.894267
642.270955	2384.869062
642.615292	2377.534183
642.959576	2386.759494
643.303809	2385.675646
643.647990	2395.480690
643.992118	2385.826881
644.336195	2386.280585
644.680219	2385.726058
645.024192	2391.876265
645.368112	2388.927190
645.711981	2389.784187
646.055797	2387.641696
646.399562	2384.516181
646.743274	2390.842829
647.086935	2384.188506
647.430544	2378.618031
647.774101	2388.775956
648.117606	2390.767212
648.461059	2386.809906
648.804460	2396.715773
649.147810	2386.784700
649.491108	2388.120606
649.834354	2384.541387
650.177548	2387.213198
650.520690	2384.667415
650.863781	2390.464742
651.206820	2386.935935
651.549807	2390.389125
651.892742	2384.617004
652.235626	2378.744060
652.578458	2382.146838
652.921238	2385.549617
653.263967	2389.280071
653.606644	2376.399923
653.949269	2372.240971
654.291843	2390.313508
654.634365	2379.601056
654.976836	2385.877292
655.319255	2383.255892
655.661622	2388.019783
656.003938	2380.256406
656.346203	2377.836652
656.688416	2382.499719
657.030577	2378.063504
657.372687	2387.314021
657.714746	2392.203940
658.056753	2383.633979
658.398708	2372.946733
658.740612	2383.079452
659.082465	2385.650440
659.424266	2378.769265
659.766016	2382.323279
660.107715	2376.525952
660.449362	2383.684390
660.790958	2379.676673
661.132503	2386.482231
661.473996	2380.634492
661.815438	2382.827394
662.156829	2382.373690
662.498168	2386.003321
662.839456	2380.987373
663.180693	2386.482231
663.521879	2382.524925
663.863013	2378.592825
664.204097	2387.717313
664.545129	2380.760521
664.886110	2394.497665
665.227040	2387.112375
665.567918	2380.659698
665.908746	2381.239431
666.249522	2384.818650
666.590248	2384.617004
666.930922	2382.726571
667.271545	2379.071735
667.612118	2386.129350
667.952639	2382.877806
668.293109	2388.070194
668.633528	2381.718340
668.973896	2389.985833
669.314213	2385.852087
669.654480	2385.499206
669.994695	2372.442617
670.334859	2389.582540
670.674973	2384.944679
671.015035	2384.768238
671.355047	2377.534183
671.695008	2379.399410
672.034918	2388.297046
672.374777	2384.591798
672.714585	2378.416385
673.054342	2380.079965
673.394049	2381.945192
673.733705	2387.666902
674.073310	2392.002294
674.412864	2380.205994
674.752368	2383.255892
675.091820	2381.793958
675.431223	2382.953423
675.770574	2383.734802
676.109875	2385.902498
676.449125	2382.903012
676.788324	2376.097454
677.127473	2375.996631
677.466571	2376.954450
677.805619	2382.751777
678.144616	2375.895808
678.483562	2388.826367
678.822458	2385.776469
679.161303	2383.860831
679.500098	2389.506923
679.838842	2379.979142
680.177535	2388.775956
680.516179	2378.769265
680.854771	2378.492002
681.193314	2383.331510
681.531805	2393.060937
681.870247	2378.996117
682.208638	2378.945706
682.546978	2388.423075
682.885268	2382.474513
683.223508	2384.843856
683.561697	2374.408667
683.899836	2384.617004
684.237925	2384.339740
684.575963	2372.392206
684.913951	2375.996631
685.251889	2377.156096
685.589776	2377.912269
685.927614	2388.423075
686.265401	2381.340254
686.603137	2375.946219
686.940824	2382.978629
687.278460	2378.819677
687.616046	2381.617517
687.953582	2380.281612
688.291068	2382.474513
688.628504	2383.911242
688.965889	2375.366487
689.303224	2390.515154
689.640510	2390.414331
689.977745	2391.220915
690.314930	2381.340254
690.652065	2382.650954
690.989150	2381.693135
691.326185	2383.432333
691.663170	2378.769265
692.000105	2380.533669
692.336990	2386.129350
692.673825	2381.012579
693.010610	2388.423075
693.347345	2372.745087
693.684030	2381.088196
694.020665	2376.904038
694.357251	2369.342308
694.693786	2385.121119
695.030272	2377.534183
695.366707	2378.391179
695.703093	2376.324306
696.039429	2384.390152
696.375716	2383.180275
696.711952	2383.785213
697.048139	2381.138608
697.384276	2380.760521
697.720363	2376.853627
698.056400	2382.802188
698.392388	2377.912269
698.728326	2375.265663
699.064214	2378.517208
699.400053	2370.249715
699.735842	2382.877806
700.071581	2367.905579
700.407270	2382.373690
700.742910	2376.223483
701.078501	2380.508463
701.414042	2378.693648
701.749533	2378.088710
702.084974	2374.181815
702.420366	2374.660725
702.755709	2379.651467
703.091002	2375.416898
703.426246	2374.635519
703.761440	2375.391692
704.096584	2376.904038
704.431679	2380.508463
704.766725	2372.971938
705.101721	2374.912783
705.436668	2375.694162
705.771565	2381.667929
706.106413	2375.467310
706.441212	2365.863912
706.775961	2380.180788
707.110661	2383.961654
707.445311	2377.483771
707.779913	2385.196737
708.114465	2381.844369
708.448967	2377.710623
708.783421	2374.585108
709.117825	2383.003835
709.452180	2376.727598
709.786485	2381.541900
710.120742	2379.071735
710.454949	2387.566079
710.789107	2370.980683
711.123216	2368.056813
711.457275	2378.945706
711.791286	2381.163813
712.125247	2375.744573
712.459159	2379.449821
712.793023	2383.281098
713.126837	2378.693648
713.460602	2378.870088
713.794318	2380.836138
714.127985	2386.104144
714.461602	2382.222456
714.795171	2381.264637
715.128691	2379.752290
715.462162	2377.256919
715.795584	2374.156610
716.128957	2381.365460
716.462281	2383.407127
716.795556	2382.172044
717.128782	2376.500746
717.461960	2378.970912
717.795088	2377.761035
718.128167	2376.576363
718.461198	2373.501260
718.794180	2371.409181
719.127113	2372.971938
719.459997	2371.031094
719.792833	2378.970912
720.125619	2370.199304
720.458357	2370.274921
720.791046	2372.341794
721.123686	2377.534183
721.456278	2378.668442
721.788821	2368.712163
722.121315	2376.273894
722.453761	2384.112888
722.786158	2378.643237
723.118506	2374.635519
723.450805	2379.676673
723.783056	2369.796012
724.115259	2373.375231
724.447412	2370.930271
724.779518	2373.274408
725.111574	2370.728625
725.443582	2377.382948
725.775542	2382.424102
726.107453	2371.862885
726.439315	2368.762575
726.771129	2389.456512
727.102895	2388.801162
727.434612	2379.071735
727.766281	2380.281612
728.097901	2380.962167
728.429473	2373.450848
728.760996	2378.844883
729.092471	2369.695188
729.423897	2380.584081
729.755276	2383.457538
730.086606	2379.273381
730.417887	2383.129863
730.749120	2378.365973
731.080305	2381.516694
731.411442	2385.373177
731.742530	2383.734802
732.073570	2377.055273
732.404562	2381.466283
732.735506	2374.282638
733.066401	2378.441590
733.397249	2383.785213
733.728048	2367.325846
734.058798	2382.172044
734.389501	2372.619058
734.720156	2373.904552
735.050762	2379.424615
735.381320	2377.987887
735.711831	2376.626775
736.042293	2371.232740
736.372707	2376.122660
736.703073	2379.197763
737.033391	2379.348998
737.363661	2373.022350
737.693883	2375.870602
738.024056	2371.762062
738.354182	2381.012579
738.684260	2377.635006
739.014290	2371.434387
739.344272	2384.037271
739.674207	2382.020810
740.004093	2380.962167
740.333931	2376.525952
740.663722	2377.912269
740.993464	2375.996631
741.323159	2382.197250
741.652806	2376.374717
741.982405	2375.568133
742.311956	2381.062990
742.641460	2374.055787
742.970915	2370.199304
743.300323	2378.340767
743.629683	2376.097454
743.958996	2386.179762
744.288260	2376.450335
744.617477	2372.291383
744.946647	2372.417412
745.275768	2370.224510
745.604842	2375.568133
745.933869	2372.820704
746.262847	2370.728625
746.591778	2375.290869
746.920662	2370.753831
747.249498	2380.483258
747.578286	2380.735315
747.907027	2373.400437
748.235720	2380.306817
748.564365	2368.762575
748.892963	2380.306817
749.221514	2370.224510
749.550017	2377.433360
749.878473	2376.047042
750.206881	2372.543440
750.535242	2379.475027
750.863555	2379.248175
751.191821	2371.610827
751.520039	2372.745087
751.848210	2373.702906
752.176334	2374.685931
752.504411	2374.257433
752.832440	2366.620085
753.160421	2373.425642
753.488356	2373.022350
753.816243	2383.079452
754.144082	2363.746627
754.471875	2373.602083
754.799620	2373.929758
755.127318	2384.289329
755.454969	2375.316075
755.782572	2380.710110
756.110129	2368.283665
756.437638	2373.879346
756.765100	2375.996631
757.092515	2370.930271
757.419882	2376.500746
757.747203	2378.492002
758.074477	2368.308871
758.401703	2371.081506
758.728882	2378.391179
759.056014	2378.618031
759.383099	2378.315562
759.710138	2374.685931
760.037129	2370.829448
760.364073	2378.063504
760.690970	2368.712163
761.017820	2378.794471
761.344623	2369.594365
761.671379	2375.316075
761.998088	2373.954963
762.324751	2378.542413
762.651366	2375.240458
762.977935	2387.263610
763.304456	2385.448794
763.630931	2388.876779
763.957359	2382.020810
764.283740	2384.692621
764.610074	2378.214738
764.936362	2378.844883
765.262602	2389.658158
765.588796	2379.197763
765.914943	2367.829962
766.241044	2371.383975
766.567097	2368.460106
766.893104	2382.877806
767.219064	2374.207021
767.544978	2377.156096
767.870845	2372.240971
768.196665	2374.887577
768.522438	2373.223996
768.848165	2371.056300
769.173846	2372.518235
769.499479	2368.208048
769.825066	2368.863398
770.150607	2369.443131
770.476101	2371.963708
770.801548	2368.107225
771.126949	2369.997658
771.452303	2371.257946
771.777611	2370.375744
772.102872	2371.005888
772.428087	2373.249202
772.753256	2365.032121
773.078378	2370.678213
773.403453	2370.980683
773.728482	2371.308358
774.053465	2363.822244
774.378401	2377.710623
774.703291	2369.165867
775.028135	2374.988400
775.352932	2371.283152
775.677683	2367.124200
776.002388	2371.988913
776.327046	2369.039838
776.651658	2370.879860
776.976224	2369.669983
777.300743	2364.553212
777.625216	2367.300640
777.949643	2373.324819
778.274024	2380.432846
778.598359	2361.276462
778.922647	2371.762062
779.246889	2364.250742
779.571086	2358.730679
779.895236	2372.266177
780.219339	2374.963194
780.543397	2368.434900
780.867409	2370.274921
781.191374	2370.602596
781.515294	2363.469363
781.839167	2370.879860
782.162995	2374.459079
782.486776	2369.770806
782.810511	2373.450848
783.134201	2364.477594
783.457844	2366.796525
783.781441	2363.771833
784.104993	2374.937988
784.428498	2372.518235
784.751958	2370.098481
785.075372	2373.602083
785.398739	2372.316588
785.722061	2362.108252
786.045337	2370.653008
786.368568	2374.786754
786.691752	2365.586648
787.014891	2368.132431
787.337983	2365.889117
787.661030	2366.141175
787.984031	2363.519775
788.306987	2365.183356
788.629897	2376.072248
788.952760	2371.409181
789.275579	2372.341794
789.598351	2375.240458
789.921078	2376.248688
790.243759	2366.771319
790.566395	2366.216792
790.888984	2368.636546
791.211529	2366.292410
791.534027	2369.518748
791.856480	2371.988913
792.178888	2365.032121
792.501249	2362.587162
792.823566	2372.795498
793.145836	2379.197763
793.468062	2364.401977
793.790241	2360.268231
794.112375	2364.855681
794.434464	2368.107225
794.756507	2366.670496
795.078505	2370.829448
795.400457	2362.183869
795.722364	2366.166381
796.044226	2376.021837
796.366042	2368.182842
796.687812	2373.249202
797.009538	2368.888604
797.331218	2370.073275
797.652852	2363.192100
797.974442	2373.980169
798.295986	2375.013606
798.617484	2370.123687
798.938938	2370.476567
799.260346	2372.215765
799.581709	2368.661752
799.903026	2369.392719
800.224299	2370.905065
800.545526	2362.738396
800.866708	2369.065044
801.187845	2367.098994
801.508936	2370.879860
801.829983	2364.049096
802.150984	2368.308871
802.471940	2364.679240
802.792851	2368.434900
803.113717	2376.198277
803.434538	2377.458565
803.755314	2370.526979
804.076045	2359.436440
804.396731	2375.517721
804.717372	2368.812987
805.037967	2369.140662
805.358518	2366.418438
805.679024	2365.586648
805.999485	2367.703933
806.319901	2370.224510
806.640272	2374.786754
806.960598	2375.568133
807.280879	2369.896835
807.601115	2370.728625
807.921306	2374.862371
808.241453	2373.753317
808.561554	2361.100021
808.881611	2369.770806
809.201623	2374.988400
809.521590	2372.215765
809.841513	2365.813500
810.161390	2374.307844
810.481223	2370.728625
810.801011	2364.225537
811.120755	2368.258460
811.440453	2361.100021
811.760107	2367.628315
812.079716	2361.906606
812.399281	2367.855167
812.718801	2364.250742
813.038276	2362.259487
813.357707	2359.638087
813.677093	2369.266690
813.996434	2364.149919
814.315731	2363.570187
814.634983	2374.912783
814.954191	2372.467823
815.273354	2366.998171
815.592473	2370.148892
815.911547	2371.913296
816.230577	2362.410721
816.549562	2369.518748
816.868502	2365.889117
817.187399	2369.417925
817.506250	2374.358256
817.825058	2370.829448
818.143821	2367.779550
818.462539	2373.929758
818.781213	2373.249202
819.099843	2371.661238
819.418429	2373.476054
819.736970	2372.871115
820.055466	2376.954450
820.373919	2378.113915
820.692327	2390.086656
821.010691	2394.270813
821.329011	2412.494585
821.647286	2435.532658
821.965517	2457.159208
822.283704	2454.436985
822.601847	2452.395317
822.919945	2450.101592
823.237999	2436.137596
823.556010	2417.460121
823.873976	2420.383990
824.191897	2405.537792
824.509775	2401.454458
824.827609	2397.522358
825.145398	2387.314021
825.463144	2403.748183
825.780845	2389.758981
826.098502	2395.405073
826.416116	2391.220915
826.733685	2410.856210
827.051210	2402.109808
827.368692	2402.563512
827.686129	2390.742006
828.003522	2396.035217
828.320872	2371.459592
828.638177	2386.104144
828.955439	2374.811960
829.272656	2372.820704
829.589830	2381.315048
829.906960	2371.862885
830.224046	2369.796012
830.541088	2370.148892
830.858086	2373.299613
831.175041	2377.710623
831.491952	2371.938502
831.808819	2370.930271
832.125642	2375.820190
832.442421	2376.173071
832.759157	2379.172558
833.075849	2387.061963
833.392497	2392.455998
833.709101	2394.169990
834.025662	2395.909188
834.342179	2383.507950
834.658653	2377.761035
834.975083	2380.810933
835.291469	2383.608773
835.607811	2377.156096
835.924110	2378.517208
836.240366	2373.778523
836.556578	2377.256919
836.872746	2367.502287
837.188871	2361.125227
837.504952	2372.341794
837.820990	2370.073275
838.136984	2364.704446
838.452935	2376.324306
838.768842	2367.325846
839.084706	2369.115456
839.400526	2368.586135
839.716303	2375.013606
840.032037	2366.267204
840.347727	2376.702392
840.663373	2360.646317
840.978977	2365.485825
841.294537	2366.645290
841.610054	2375.064017
841.925527	2369.922040
842.240957	2362.335104
842.556344	2373.728112
842.871687	2360.948787
843.186987	2374.232227
843.502244	2360.721935
843.817458	2368.056813
844.132629	2365.611854
844.447756	2370.577390
844.762840	2360.469877
845.077881	2364.452388
845.392879	2364.099508
845.707833	2366.645290
846.022745	2355.605163
846.337613	2360.646317
846.652438	2357.419979
846.967221	2366.695702
847.281960	2356.386542
847.596656	2368.233254
847.911309	2366.796525
848.225919	2362.259487
848.540485	2362.032635
848.855009	2367.779550
849.169490	2360.343848
849.483928	2363.721421
849.798323	2359.007942
850.112675	2369.443131
850.426984	2364.855681
850.741251	2357.092304
851.055474	2364.956504
851.369654	2364.628829
851.683792	2360.747140
851.997887	2364.351565
852.311938	2359.436440
852.625947	2359.839733
852.939914	2364.376771
853.253837	2373.148379
853.567718	2360.822758
853.881555	2366.317615
854.195350	2368.560929
854.509103	2359.839733
854.822812	2369.392719
855.136479	2359.890144
855.450103	2357.445185
855.763685	2364.175125
856.077224	2358.503827
856.390720	2367.149406
856.704173	2353.261027
857.017584	2358.478621
857.330953	2362.158663
857.644278	2364.401977
857.957561	2368.485312
858.270802	2363.166894
858.584000	2365.385002
858.897155	2363.242512
859.210268	2364.654035
859.523339	2372.669469
859.836367	2353.084587
860.149352	2363.444158
860.462295	2357.672037
860.775195	2359.587675
861.088054	2367.829962
861.400869	2363.066071
861.713642	2357.999712
862.026373	2360.973992
862.339062	2365.536237
862.651708	2364.124713
862.964312	2368.107225
863.276873	2367.199817
863.589392	2358.781090
863.901869	2357.873683
864.214303	2363.847450
864.526696	2368.636546
864.839045	2366.241998
865.151353	2361.679754
865.463619	2357.369567
865.775842	2360.369054
866.088023	2359.486852
866.400162	2357.924094
866.712258	2359.184383
867.024313	2362.839219
867.336325	2365.385002
867.648296	2365.662265
867.960224	2374.080992
868.272110	2366.468850
868.583954	2367.905579
868.895755	2360.318642
869.207515	2360.116996
869.519233	2356.613394
869.830909	2368.359283
870.142542	2368.283665
870.454134	2362.183869
870.765684	2364.603623
871.077191	2362.209075
871.388657	2359.688498
871.700081	2362.990454
872.011463	2365.208562
872.322803	2356.411748
872.634101	2371.636033
872.945357	2366.342821
873.256571	2364.855681
873.567744	2349.152487
873.878874	2363.872656
874.189963	2364.200331
874.501010	2355.453929
874.812015	2359.159177
875.122979	2362.108252
875.433900	2363.267717
875.744780	2370.300127
876.055618	2365.359796
876.366415	2365.763088
876.677169	2363.066071
876.987882	2369.039838
877.298554	2364.477594
877.609183	2365.233767
877.919771	2366.241998
878.230317	2371.787267
878.540822	2365.460619
878.851285	2364.225537
879.161707	2375.290869
879.472087	2368.913810
879.782425	2372.745087
880.092722	2382.928217
880.402977	2389.859804
880.713191	2398.581000
881.023363	2404.731208
881.333494	2418.543969
881.643583	2414.435429
881.953631	2398.001267
882.263637	2400.294992
882.573602	2396.564538
882.883526	2398.102090
883.193408	2396.841802
883.503248	2387.061963
883.813048	2387.288815
884.122806	2379.651467
884.432522	2388.549104
884.742197	2371.081506
885.051831	2372.871115
885.361424	2374.207021
885.670975	2373.223996
885.980485	2369.468337
886.289954	2373.148379
886.599382	2367.729138
886.908768	2363.973479
887.218113	2364.628829
887.527417	2366.141175
887.836680	2369.770806
888.145901	2361.478108
888.455082	2358.428210
888.764221	2365.989940
889.073319	2373.375231
889.382376	2361.856194
889.691392	2369.342308
890.000366	2364.326360
890.309300	2363.872656
890.618193	2364.275948
890.927044	2365.208562
891.235855	2362.410721
891.544625	2369.115456
891.853353	2359.537263
892.162041	2363.318129
892.470687	2366.241998
892.779293	2366.393233
893.087858	2371.560415
893.396381	2358.856708
893.704864	2372.316588
894.013306	2359.461646
894.321707	2375.719367
894.630068	2376.651981
894.938387	2380.357229
895.246665	2366.620085
895.554903	2370.804242
895.863100	2366.267204
896.171256	2375.391692
896.479371	2364.023890
896.787446	2379.096940
897.095480	2368.384488
897.403473	2358.125740
897.711425	2363.822244
898.019336	2364.502800
898.327207	2362.385515
898.635038	2367.955990
898.942827	2366.821731
899.250576	2365.107738
899.558284	2369.745600
899.865952	2365.435413
900.173579	2364.225537
900.481165	2363.418952
900.788711	2365.158150
901.096216	2362.965248
901.403681	2363.040865
901.711105	2357.419979
902.018489	2367.451875
902.325832	2363.746627
902.633135	2370.325333
902.940397	2370.905065
903.247619	2364.124713
903.554800	2372.644263
903.861941	2381.894781
904.169041	2379.777496
904.476101	2367.981196
904.783121	2373.627288
905.090100	2378.038298
905.397039	2377.508977
905.703938	2365.359796
906.010796	2375.290869
906.317614	2365.385002
906.624391	2374.963194
906.931129	2362.662779
907.237826	2374.660725
907.544483	2370.627802
907.851099	2366.670496
908.157675	2359.738910
908.464211	2359.587675
908.770707	2361.226050
909.077163	2354.924608
909.383578	2362.234281
909.689954	2364.830475
909.996289	2356.058867
910.302584	2364.754858
910.608839	2361.276462
910.915054	2360.091790
911.221229	2368.611340
911.527363	2362.435927
911.833458	2361.856194
912.139513	2364.805269
912.445527	2361.074815
912.751502	2356.411748
913.057436	2365.637060
913.363331	2363.771833
913.669186	2359.285206
913.975000	2362.486338
914.280775	2362.234281
914.586510	2369.770806
914.892205	2372.417412
915.197859	2375.391692
915.503475	2369.745600
915.809050	2376.324306
916.114585	2378.744060
916.420081	2383.331510
916.725536	2377.635006
917.030952	2379.374204
917.336328	2369.115456
917.641665	2375.240458
917.946961	2367.552698
918.252218	2367.678727
918.557435	2375.946219
918.862612	2369.569160
919.167750	2361.881400
919.472848	2378.618031
919.777906	2370.829448
920.082925	2368.611340
920.387904	2361.427696
920.692843	2358.327387
920.997743	2365.132944
921.302603	2367.678727
921.607423	2362.032635
921.912204	2365.460619
922.216946	2360.747140
922.521647	2366.897348
922.826310	2361.301667
923.130932	2361.402490
923.435516	2362.435927
923.740059	2368.611340
924.044564	2362.738396
924.349028	2357.722448
924.653454	2353.235821
924.957840	2358.881913
925.262186	2359.007942
925.566493	2356.537777
925.870761	2353.412262
926.174989	2365.107738
926.479178	2361.679754
926.783328	2354.647344
927.087438	2361.982223
927.391509	2360.419465
927.695541	2355.781604
927.999533	2349.984277
928.303486	2357.117510
928.607400	2365.687471
928.911275	2364.074302
929.215110	2363.570187
929.518906	2356.966275
929.822663	2364.906092
930.126381	2350.866479
930.430060	2355.479135
930.733699	2355.806810
931.037299	2352.882940
931.340861	2359.713704
931.644383	2361.200844
931.947866	2353.538290
932.251309	2357.369567
932.554714	2355.201871
932.858080	2354.924608
933.161407	2355.378312
933.464694	2364.124713
933.767943	2357.646831
934.071153	2363.242512
934.374323	2359.285206
934.677455	2352.656088
934.980548	2356.966275
935.283602	2353.286233
935.586617	2355.353106
935.889593	2360.973992
936.192530	2349.278515
936.495428	2356.865452
936.798287	2360.973992
937.101108	2353.991994
937.403890	2353.487879
937.706632	2363.746627
938.009336	2359.360823
938.312002	2356.840246
938.614628	2356.840246
938.917216	2362.259487
939.219765	2359.612881
939.522275	2364.124713
939.824747	2364.124713
940.127179	2351.647858
940.429573	2353.008969
940.731929	2354.773373
941.034246	2353.916377
941.336524	2364.049096
941.638763	2351.471417
941.940964	2363.998685
942.243126	2360.747140
942.545250	2358.075329
942.847335	2360.999198
943.149381	2360.621112
943.451389	2355.882427
943.753359	2365.032121
944.055290	2364.250742
944.357182	2356.033662
944.659036	2356.109279
944.960851	2359.133971
945.262628	2367.880373
945.564367	2363.721421
945.866067	2366.821731
946.167729	2358.529033
946.469352	2351.042919
946.770937	2361.528519
947.072484	2355.554752
947.373992	2359.033148
947.675462	2353.513085
947.976893	2357.999712
948.278286	2364.074302
948.579641	2358.302181
948.880958	2360.797552
949.182236	2358.302181
949.483476	2359.990967
949.784678	2363.217306
950.085841	2361.352079
950.386967	2355.126254
950.688054	2358.907119
950.989103	2363.797038
951.290114	2360.469877
951.591087	2362.259487
951.892021	2360.671523
952.192917	2357.092304
952.493776	2355.252283
952.794596	2356.008456
953.095378	2346.127794
953.396122	2365.460619
953.696828	2356.588188
953.997496	2363.318129
954.298126	2362.284692
954.598718	2368.661752
954.899272	2359.159177
955.199788	2362.032635
955.500266	2360.999198
955.800706	2350.412775
956.101108	2356.361337
956.401472	2357.798065
956.701798	2355.050637
957.002087	2358.579444
957.302337	2357.520802
957.602550	2361.402490
957.902724	2358.907119
958.202861	2354.848990
958.502960	2362.133458
958.803022	2359.965762
959.103045	2351.496623
959.403031	2356.966275
959.702979	2354.344875
960.002889	2361.755371
960.302762	2358.680267
960.602596	2353.714731
960.902393	2360.369054
961.202153	2359.537263
961.501875	2365.586648
961.801559	2350.488392
962.101205	2354.672550
962.400814	2352.832529
962.700385	2362.309898
962.999918	2362.713190
963.299414	2355.176665
963.598873	2355.579958
963.898293	2358.831502
964.197677	2353.613908
964.497022	2356.512571
964.796331	2351.042919
965.095601	2360.696729
965.394835	2357.596419
965.694030	2352.731706
965.993189	2362.007429
966.292309	2358.629856
966.591393	2355.857221
966.890439	2354.521315
967.189447	2357.419979
967.488419	2353.134998
967.787353	2355.479135
968.086249	2355.000225
968.385108	2362.486338
968.683930	2355.252283
968.982714	2361.478108
969.281462	2357.117510
969.580172	2363.872656
969.878844	2362.309898
970.177480	2358.932325
970.476078	2355.579958
970.774639	2358.251769
971.073162	2351.068125
971.371649	2360.091790
971.670098	2352.479648
971.968510	2349.707013
972.266885	2354.344875
972.565223	2355.025431
972.863524	2356.310925
973.161788	2355.479135
973.460014	2358.377798
973.758204	2355.025431
974.056356	2357.747654
974.354471	2360.016173
974.652550	2353.563496
974.950591	2356.361337
975.248595	2350.765656
975.546563	2356.865452
975.844493	2357.672037
976.142386	2358.352592
976.440243	2361.301667
976.738062	2358.907119
977.035845	2358.226563
977.333590	2360.343848
977.631299	2359.663292
977.928971	2354.949813
978.226606	2357.621625
978.524204	2361.982223
978.821765	2356.184896
979.119290	2351.421006
979.416777	2361.881400
979.714228	2360.394260
980.011642	2358.881913
980.309020	2369.065044
980.606360	2355.327900
980.903664	2356.008456
981.200931	2352.807323
981.498162	2353.739937
981.795356	2369.317102
982.092513	2350.362363
982.389633	2355.882427
982.686717	2361.604137
982.983764	2363.797038
983.280775	2364.931298
983.577749	2357.319156
983.874686	2350.387569
984.171587	2349.984277
984.468451	2361.024404
984.765279	2354.672550
985.062070	2358.705473
985.358824	2359.839733
985.655543	2360.520288
985.952224	2356.840246
986.248869	2354.193640
986.545478	2347.161231
986.842050	2352.933352
987.138586	2347.993021
987.435086	2353.664319
987.731549	2356.714217
988.027975	2356.058867
988.324366	2364.553212
988.620719	2349.858248
988.917037	2354.042406
989.213318	2364.452388
989.509563	2360.948787
989.805772	2356.210102
990.101944	2358.050123
990.398080	2360.369054
990.694180	2355.907633
990.990244	2357.470390
991.286271	2357.445185
991.582262	2356.789835
991.878217	2354.092817
992.174136	2355.227077
992.470019	2358.655062
992.765865	2361.982223
993.061676	2354.168435
993.357450	2360.696729
993.653188	2357.546008
993.948890	2354.722962
994.244556	2354.722962
994.540186	2361.478108
994.835780	2361.780577
995.131337	2353.865965
995.426859	2361.024404
995.722345	2363.040865
996.017795	2359.864938
996.313208	2351.748681
996.608586	2355.832015
996.903928	2350.311952
997.199234	2355.025431
997.494504	2359.486852
997.789738	2353.815554
998.084936	2350.564010
998.380099	2352.051150
998.675225	2356.336131
998.970316	2353.916377
999.265371	2362.057840
999.560390	2365.662265
999.855373	2362.662779
1000.150320	2356.487365
1000.445232	2350.135512
1000.740108	2353.941583
1001.034948	2355.428723
1001.329752	2356.184896
1001.624521	2351.143742
1001.919254	2349.782631
1002.213951	2353.563496
1002.508613	2354.370081
1002.803239	2357.747654
1003.097829	2356.084073
1003.392384	2352.479648
1003.686903	2357.344362
1003.981386	2362.561956
1004.275834	2353.437467
1004.570246	2360.948787
1004.864623	2356.815040
1005.158964	2352.857735
1005.453270	2357.823271
1005.747540	2353.134998
1006.041775	2354.218846
1006.335974	2357.016687
1006.630138	2355.453929
1006.924266	2351.547035
1007.218359	2348.522342
1007.512416	2357.243538
1007.806438	2354.874196
1008.100425	2352.177179
1008.394376	2354.773373
1008.688292	2354.017200
1008.982172	2351.547035
1009.276017	2360.923581
1009.569827	2351.748681
1009.863602	2358.276975
1010.157341	2347.463700
1010.451045	2353.134998
1010.744714	2356.336131
1011.038347	2358.075329
1011.331945	2350.891685
1011.625508	2348.093844
1011.919036	2359.108765
1012.212528	2351.194154
1012.505986	2358.050123
1012.799408	2347.816581
1013.092795	2357.999712
1013.386147	2352.504854
1013.679464	2359.033148
1013.972745	2351.622652
1014.265992	2361.780577
1014.559204	2353.034175
1014.852380	2353.513085
1015.145521	2357.092304
1015.438628	2356.764629
1015.731699	2351.547035
1016.024736	2355.176665
1016.317737	2347.892198
1016.610703	2355.630369
1016.903635	2358.478621
1017.196531	2354.445698
1017.489393	2351.118537
1017.782219	2346.732733
1018.075011	2361.553725
1018.367768	2359.839733
1018.660490	2359.965762
1018.953177	2359.965762
1019.245829	2359.965762
