Wavelength (nm)	EQE (%)	Current (A)	Dark Current (A) -> 	-254.129680000E-12	
400.000000	17.215385	-5.234448E-7
401.000000	18.401676	-7.866655E-7
402.000000	18.470478	-1.212071E-6
403.000000	18.384246	-1.748873E-6
404.000000	18.306991	-2.414726E-6
405.000000	18.287556	-3.036178E-6
406.000000	18.308683	-3.955086E-6
407.000000	18.130364	-4.157450E-6
408.000000	18.263703	-4.546447E-6
409.000000	18.100624	-4.775179E-6
410.000000	18.101388	-5.030839E-6
411.000000	18.180739	-6.594502E-6
412.000000	18.100731	-7.601841E-6
413.000000	18.197200	-1.005069E-5
414.000000	18.020663	-1.136305E-5
415.000000	18.076296	-1.143991E-5
416.000000	17.975524	-1.062134E-5
417.000000	17.962927	-9.352106E-6
418.000000	17.526443	-5.956395E-6
419.000000	17.550260	-4.400301E-6
420.000000	18.051653	-4.649835E-6
421.000000	17.938235	-5.011801E-6
422.000000	17.816829	-4.515207E-6
423.000000	18.024105	-4.765601E-6
424.000000	18.029458	-5.314078E-6
425.000000	17.977303	-5.737398E-6
426.000000	18.078888	-6.041354E-6
427.000000	18.117978	-6.354908E-6
428.000000	18.143297	-7.085225E-6
429.000000	18.145352	-7.983035E-6
430.000000	18.160524	-8.529228E-6
431.000000	18.261708	-8.817758E-6
432.000000	18.344680	-8.816457E-6
433.000000	18.488539	-9.043668E-6
434.000000	18.637022	-1.000929E-5
435.000000	18.661040	-1.032571E-5
436.000000	18.673454	-1.036525E-5
437.000000	18.863594	-1.137508E-5
438.000000	18.933395	-1.173551E-5
439.000000	18.947526	-1.172291E-5
440.000000	19.209170	-1.197377E-5
441.000000	19.450346	-1.314977E-5
442.000000	19.528409	-1.285490E-5
443.000000	19.529569	-1.246686E-5
444.000000	19.805061	-1.259531E-5
445.000000	19.945658	-1.236616E-5
446.000000	20.153227	-1.232582E-5
447.000000	20.418897	-1.396073E-5
448.000000	20.126862	-1.539765E-5
449.000000	20.471138	-1.430725E-5
450.000000	20.892325	-1.391775E-5
451.000000	21.225407	-1.542503E-5
452.000000	21.438260	-1.641385E-5
453.000000	21.402538	-1.568502E-5
454.000000	21.611466	-1.433200E-5
455.000000	22.016776	-1.473009E-5
456.000000	22.448463	-1.722979E-5
457.000000	22.593027	-1.914138E-5
458.000000	22.648956	-1.963710E-5
459.000000	22.862550	-1.860853E-5
460.000000	22.943528	-1.733122E-5
461.000000	23.149794	-1.631759E-5
462.000000	23.383460	-1.586123E-5
463.000000	23.708977	-1.597657E-5
464.000000	23.726555	-1.629944E-5
465.000000	23.814987	-1.701736E-5
466.000000	23.785417	-1.572406E-5
467.000000	23.733042	-1.291633E-5
468.000000	24.351753	-1.323696E-5
469.000000	24.749230	-1.688549E-5
470.000000	24.581965	-1.698918E-5
471.000000	24.743268	-1.342825E-5
472.000000	24.986887	-1.320216E-5
473.000000	25.452784	-1.783956E-5
474.000000	25.265516	-1.806199E-5
475.000000	24.989930	-1.417329E-5
476.000000	25.415491	-1.414083E-5
477.000000	25.518702	-1.637061E-5
478.000000	25.460469	-1.519657E-5
479.000000	25.695797	-1.514863E-5
480.000000	25.847832	-1.804013E-5
481.000000	25.970052	-1.740990E-5
482.000000	25.807922	-1.291223E-5
483.000000	26.123019	-1.388612E-5
484.000000	26.085004	-1.654431E-5
485.000000	25.796339	-1.433730E-5
486.000000	26.106184	-1.382571E-5
487.000000	26.272892	-1.572756E-5
488.000000	26.105684	-1.534176E-5
489.000000	25.981246	-1.389315E-5
490.000000	26.361045	-1.559070E-5
491.000000	26.420661	-1.699741E-5
492.000000	26.431251	-1.856865E-5
493.000000	26.202495	-1.931155E-5
494.000000	26.023122	-1.770594E-5
495.000000	26.126957	-1.764780E-5
496.000000	25.417621	-1.966255E-5
497.000000	25.826641	-2.042389E-5
498.000000	25.773461	-1.897059E-5
499.000000	25.761248	-1.865327E-5
500.000000	26.023814	-2.102129E-5
501.000000	26.103855	-2.412959E-5
502.000000	25.655554	-2.281555E-5
503.000000	25.809985	-2.210626E-5
504.000000	26.021726	-2.571152E-5
505.000000	25.865102	-2.769677E-5
506.000000	25.548248	-2.511688E-5
507.000000	25.154037	-2.102555E-5
508.000000	25.193984	-2.057988E-5
509.000000	25.169952	-2.018213E-5
510.000000	24.826617	-1.779068E-5
511.000000	25.148418	-1.707990E-5
512.000000	25.202533	-1.921298E-5
513.000000	25.387310	-2.246859E-5
514.000000	25.488898	-2.594911E-5
515.000000	25.371314	-3.110693E-5
516.000000	25.400767	-3.956533E-5
517.000000	25.323183	-4.253040E-5
518.000000	24.706162	-3.600424E-5
519.000000	24.673404	-3.079966E-5
520.000000	24.665906	-2.784672E-5
521.000000	24.214791	-2.133540E-5
522.000000	24.105861	-1.753630E-5
523.000000	24.196348	-1.714252E-5
524.000000	24.937236	-2.268159E-5
525.000000	24.754477	-3.036575E-5
526.000000	24.623366	-3.253475E-5
527.000000	24.619724	-3.594066E-5
528.000000	24.417470	-3.866300E-5
529.000000	24.253876	-3.626036E-5
530.000000	23.821712	-2.777172E-5
531.000000	23.518572	-2.029558E-5
532.000000	23.463646	-1.699691E-5
533.000000	23.683699	-1.846115E-5
534.000000	23.712862	-1.987549E-5
535.000000	23.959325	-2.610304E-5
536.000000	24.205124	-3.587337E-5
537.000000	23.571536	-3.274127E-5
538.000000	23.463312	-2.661296E-5
539.000000	23.620845	-2.657687E-5
540.000000	23.105889	-2.108095E-5
541.000000	23.093980	-1.892268E-5
542.000000	23.098802	-1.907646E-5
543.000000	23.147203	-2.284034E-5
544.000000	23.423712	-3.019367E-5
545.000000	23.254590	-3.115487E-5
546.000000	23.156722	-2.907275E-5
547.000000	23.328071	-2.876057E-5
548.000000	22.712560	-2.207011E-5
549.000000	22.953846	-1.816904E-5
550.000000	22.971223	-1.810545E-5
551.000000	23.110365	-1.984395E-5
552.000000	23.354771	-2.674527E-5
553.000000	23.325617	-3.101806E-5
554.000000	23.252708	-3.246245E-5
555.000000	23.165730	-3.272239E-5
556.000000	22.909110	-2.731736E-5
557.000000	22.705230	-2.192562E-5
558.000000	22.738922	-2.112707E-5
559.000000	22.844157	-2.345072E-5
560.000000	23.015446	-2.865804E-5
561.000000	22.918583	-3.169150E-5
562.000000	22.823681	-2.952828E-5
563.000000	22.751412	-2.939876E-5
564.000000	22.504753	-2.410790E-5
565.000000	22.360655	-1.960304E-5
566.000000	22.371105	-2.015757E-5
567.000000	22.588250	-2.191944E-5
568.000000	22.731717	-2.687228E-5
569.000000	22.643171	-2.919341E-5
570.000000	22.555609	-2.804804E-5
571.000000	22.338926	-2.602633E-5
572.000000	22.176099	-2.241361E-5
573.000000	22.216562	-1.899617E-5
574.000000	22.237491	-1.966614E-5
575.000000	22.434513	-2.385043E-5
576.000000	22.671276	-3.055048E-5
577.000000	22.479022	-3.289592E-5
578.000000	22.354590	-3.360170E-5
579.000000	22.235361	-3.047692E-5
580.000000	21.872888	-2.439522E-5
581.000000	21.920273	-2.214367E-5
582.000000	22.083122	-2.150754E-5
583.000000	22.124689	-2.497708E-5
584.000000	22.263415	-3.052414E-5
585.000000	22.150074	-3.144831E-5
586.000000	21.995851	-3.009122E-5
587.000000	21.657682	-2.722997E-5
588.000000	21.505782	-2.265891E-5
589.000000	21.697881	-2.180921E-5
590.000000	21.828584	-2.264839E-5
591.000000	21.224699	-3.164917E-5
592.000000	21.364725	-3.223142E-5
593.000000	21.277238	-3.243597E-5
594.000000	21.243014	-3.132723E-5
595.000000	21.062462	-2.990495E-5
596.000000	21.041547	-2.981098E-5
597.000000	21.024462	-3.025710E-5
598.000000	21.294985	-3.257058E-5
599.000000	21.303133	-3.540282E-5
600.000000	21.379872	-3.754509E-5
601.000000	21.384286	-3.955140E-5
602.000000	21.349466	-3.999371E-5
603.000000	21.253924	-3.955233E-5
604.000000	21.175390	-3.843558E-5
605.000000	21.102635	-3.674591E-5
606.000000	21.197902	-3.708097E-5
607.000000	21.274548	-3.740959E-5
608.000000	21.499726	-3.941164E-5
609.000000	21.574733	-4.217062E-5
610.000000	21.582627	-4.377598E-5
611.000000	21.609093	-4.554362E-5
612.000000	21.702820	-4.651289E-5
613.000000	21.759160	-4.595825E-5
614.000000	21.718665	-4.452776E-5
615.000000	21.855059	-4.224490E-5
616.000000	21.922240	-4.188568E-5
617.000000	21.996688	-4.289598E-5
618.000000	22.242222	-4.570454E-5
619.000000	22.247933	-4.842283E-5
620.000000	22.369350	-5.005823E-5
621.000000	22.467234	-5.180915E-5
622.000000	22.450907	-5.345637E-5
623.000000	22.682332	-5.578603E-5
624.000000	22.791663	-5.811432E-5
625.000000	22.632386	-6.138921E-5
626.000000	22.155369	-5.891497E-5
627.000000	22.258010	-5.788467E-5
628.000000	22.428036	-5.722922E-5
629.000000	22.506581	-5.771310E-5
630.000000	22.594157	-5.860715E-5
631.000000	22.679573	-6.091670E-5
632.000000	22.697043	-6.393425E-5
633.000000	22.745917	-6.603429E-5
634.000000	22.767781	-6.820048E-5
635.000000	22.713305	-6.866876E-5
636.000000	22.799815	-6.814071E-5
637.000000	22.875200	-6.867704E-5
638.000000	22.900341	-6.892446E-5
639.000000	22.906264	-6.932560E-5
640.000000	22.939776	-6.870554E-5
641.000000	22.895074	-6.682002E-5
642.000000	22.941457	-6.711153E-5
643.000000	22.942257	-6.770588E-5
644.000000	23.072355	-7.083402E-5
645.000000	23.094986	-7.487216E-5
646.000000	23.027612	-7.702092E-5
647.000000	22.951117	-7.703511E-5
648.000000	22.809146	-7.371946E-5
649.000000	22.746332	-7.050412E-5
650.000000	22.716643	-6.869595E-5
651.000000	22.722680	-6.915348E-5
652.000000	22.783177	-7.335267E-5
653.000000	22.676284	-7.613712E-5
654.000000	22.568181	-7.718975E-5
655.000000	22.445126	-7.493557E-5
656.000000	22.317465	-7.045823E-5
657.000000	22.250630	-6.829021E-5
658.000000	22.191973	-6.703124E-5
659.000000	22.306107	-6.923990E-5
660.000000	22.297175	-7.505515E-5
661.000000	22.174735	-7.906354E-5
662.000000	22.061844	-7.995241E-5
663.000000	21.839706	-7.593053E-5
664.000000	21.624265	-6.770981E-5
665.000000	21.797705	-6.263223E-5
666.000000	21.840378	-6.355464E-5
667.000000	21.933042	-6.863017E-5
668.000000	21.904892	-7.455417E-5
669.000000	21.861176	-7.809534E-5
670.000000	21.639650	-7.665022E-5
671.000000	21.611246	-7.104481E-5
672.000000	21.612050	-6.737897E-5
673.000000	21.702011	-6.634744E-5
674.000000	21.774821	-6.670447E-5
675.000000	21.892090	-7.189417E-5
676.000000	21.882781	-7.685197E-5
677.000000	21.795090	-7.707073E-5
678.000000	21.874327	-7.633623E-5
679.000000	21.890603	-7.195538E-5
680.000000	21.944945	-6.790179E-5
681.000000	22.185345	-7.051564E-5
682.000000	22.286286	-7.657289E-5
683.000000	22.304834	-8.128461E-5
684.000000	22.434020	-8.347221E-5
685.000000	22.451353	-8.233689E-5
686.000000	22.340956	-7.595510E-5
687.000000	22.559173	-7.202233E-5
688.000000	22.909315	-7.709979E-5
689.000000	22.974863	-8.207257E-5
690.000000	23.099572	-8.634644E-5
691.000000	23.199840	-8.963544E-5
692.000000	23.207724	-8.731281E-5
693.000000	23.217126	-8.252070E-5
694.000000	23.294267	-7.912303E-5
695.000000	23.452467	-8.050824E-5
696.000000	23.749190	-8.761564E-5
697.000000	23.835614	-9.596789E-5
698.000000	23.918297	-0.000102
699.000000	23.981272	-0.000101
700.000000	24.006568	-9.609773E-5
701.000000	24.108871	-9.294394E-5
702.000000	24.111252	-9.144282E-5
703.000000	24.289176	-9.629894E-5
704.000000	24.544771	-0.000108
705.000000	24.410781	-0.000114
706.000000	24.346187	-0.000110
707.000000	24.436365	-0.000106
708.000000	24.439590	-0.000102
709.000000	24.319858	-9.568085E-5
710.000000	24.434735	-9.670648E-5
711.000000	24.719693	-0.000111
712.000000	24.642790	-0.000121
713.000000	24.383217	-0.000117
714.000000	24.248885	-0.000108
715.000000	24.117967	-9.786267E-5
716.000000	24.173990	-9.491501E-5
717.000000	23.998186	-9.712422E-5
718.000000	23.910156	-0.000103
719.000000	23.825915	-0.000110
720.000000	23.618129	-0.000110
721.000000	23.465657	-0.000106
722.000000	23.155310	-9.880887E-5
723.000000	22.862557	-9.016945E-5
724.000000	22.767596	-8.816572E-5
725.000000	22.603142	-9.166659E-5
726.000000	22.362173	-9.554460E-5
727.000000	22.088031	-9.746180E-5
728.000000	21.722870	-9.455641E-5
729.000000	21.405364	-8.768532E-5
730.000000	21.074089	-8.060020E-5
731.000000	20.775881	-7.683623E-5
732.000000	20.404640	-7.638764E-5
733.000000	20.090363	-7.874025E-5
734.000000	19.682832	-8.089357E-5
735.000000	19.188833	-7.884495E-5
736.000000	18.782935	-7.453214E-5
737.000000	18.410662	-7.032055E-5
738.000000	17.960444	-6.562247E-5
739.000000	17.494902	-6.331362E-5
740.000000	17.032554	-6.297429E-5
741.000000	16.623031	-6.312811E-5
742.000000	16.126388	-6.255921E-5
743.000000	15.645626	-5.972957E-5
744.000000	15.123654	-5.500341E-5
745.000000	14.576696	-5.105847E-5
746.000000	14.060732	-4.842102E-5
747.000000	13.553998	-4.687437E-5
748.000000	13.079710	-4.680859E-5
749.000000	12.538291	-4.566330E-5
750.000000	12.050619	-4.385815E-5
751.000000	11.495562	-4.121063E-5
752.000000	10.965265	-3.759150E-5
753.000000	10.457562	-3.468057E-5
754.000000	9.987552	-3.261833E-5
755.000000	9.513549	-3.126218E-5
756.000000	9.046847	-3.052426E-5
757.000000	8.572015	-2.919402E-5
758.000000	8.126843	-2.735355E-5
759.000000	7.683419	-2.540963E-5
760.000000	7.271566	-2.327377E-5
761.000000	6.838484	-2.119580E-5
762.000000	6.424316	-1.983462E-5
763.000000	6.063669	-1.901983E-5
764.000000	5.713026	-1.831102E-5
765.000000	5.351215	-1.735258E-5
766.000000	5.026778	-1.614437E-5
767.000000	4.707844	-1.478912E-5
768.000000	4.408313	-1.343335E-5
769.000000	4.119152	-1.240538E-5
770.000000	3.856251	-1.177292E-5
771.000000	3.606250	-1.129504E-5
772.000000	3.370963	-1.077591E-5
773.000000	3.155383	-1.011311E-5
774.000000	2.943559	-9.254029E-6
775.000000	2.745872	-8.353932E-6
776.000000	2.560607	-7.608061E-6
777.000000	2.402516	-7.180946E-6
778.000000	2.251258	-6.993220E-6
779.000000	2.105308	-6.821999E-6
780.000000	1.972656	-6.517474E-6
781.000000	1.841836	-6.010101E-6
782.000000	1.724260	-5.426202E-6
783.000000	1.612731	-4.936820E-6
784.000000	1.510526	-4.619224E-6
785.000000	1.412560	-4.494959E-6
786.000000	1.323924	-4.388720E-6
787.000000	1.246661	-4.216797E-6
788.000000	1.170246	-3.948187E-6
789.000000	1.098371	-3.554832E-6
790.000000	1.029865	-3.199635E-6
791.000000	0.966074	-2.967668E-6
792.000000	0.906950	-2.862363E-6
793.000000	0.854330	-2.838196E-6
794.000000	0.808943	-2.803596E-6
795.000000	0.762960	-2.674726E-6
796.000000	0.718603	-2.408366E-6
797.000000	0.676925	-2.153749E-6
798.000000	0.640039	-1.997286E-6
799.000000	0.605328	-1.916892E-6
800.000000	0.571991	-1.904487E-6
801.000000	0.543220	-1.910831E-6
802.000000	0.515512	-1.844063E-6
803.000000	0.489295	-1.688389E-6
804.000000	0.463343	-1.497210E-6
805.000000	0.439261	-1.343663E-6
806.000000	0.417155	-1.265961E-6
807.000000	0.397220	-1.260502E-6
808.000000	0.379167	-1.290728E-6
809.000000	0.360823	-1.280424E-6
810.000000	0.343880	-1.202718E-6
811.000000	0.327548	-1.097359E-6
812.000000	0.311411	-9.859760E-7
813.000000	0.297017	-9.138357E-7
814.000000	0.283795	-9.075790E-7
815.000000	0.270579	-9.236916E-7
816.000000	0.259660	-9.404287E-7
817.000000	0.248138	-9.099417E-7
818.000000	0.235869	-8.160014E-7
819.000000	0.225752	-7.249877E-7
820.000000	0.216232	-6.683878E-7
821.000000	0.206391	-6.512934E-7
822.000000	0.197788	-6.727702E-7
823.000000	0.190198	-6.967621E-7
824.000000	0.182256	-6.823836E-7
825.000000	0.174138	-6.327499E-7
826.000000	0.166368	-5.729504E-7
827.000000	0.159816	-5.308549E-7
828.000000	0.153030	-5.167587E-7
829.000000	0.146397	-5.205591E-7
830.000000	0.140925	-5.341479E-7
831.000000	0.135520	-5.379142E-7
832.000000	0.129826	-5.126153E-7
833.000000	0.124791	-4.674891E-7
834.000000	0.119990	-4.203602E-7
835.000000	0.114855	-3.912206E-7
836.000000	0.110621	-3.874746E-7
837.000000	0.106020	-3.912528E-7
838.000000	0.102096	-3.899796E-7
839.000000	0.098206	-3.782044E-7
840.000000	0.094150	-3.505027E-7
841.000000	0.090057	-3.145547E-7
842.000000	0.086558	-2.918705E-7
843.000000	0.083413	-2.867133E-7
844.000000	0.079985	-2.864142E-7
845.000000	0.076774	-2.858100E-7
846.000000	0.073952	-2.804374E-7
847.000000	0.070895	-2.618149E-7
848.000000	0.067948	-2.343298E-7
849.000000	0.065394	-2.125254E-7
850.000000	0.062893	-2.035073E-7
851.000000	0.060297	-2.014883E-7
852.000000	0.057928	-2.000366E-7
853.000000	0.055675	-1.956698E-7
854.000000	0.053474	-1.835707E-7
855.000000	0.051392	-1.672232E-7
856.000000	0.049212	-1.520749E-7
857.000000	0.047266	-1.420328E-7
858.000000	0.045477	-1.386586E-7
859.000000	0.043745	-1.376118E-7
860.000000	0.041966	-1.317969E-7
861.000000	0.040495	-1.219453E-7
862.000000	0.038758	-1.109896E-7
863.000000	0.037204	-1.011009E-7
864.000000	0.035803	-9.458665E-8
865.000000	0.034424	-9.103212E-8
866.000000	0.033008	-8.827455E-8
867.000000	0.031849	-8.617197E-8
868.000000	0.030617	-8.092780E-8
869.000000	0.029254	-7.218441E-8
870.000000	0.028144	-6.593957E-8
871.000000	0.027103	-6.262688E-8
872.000000	0.026043	-6.029749E-8
873.000000	0.025008	-5.832925E-8
874.000000	0.023938	-5.580081E-8
875.000000	0.023060	-5.260661E-8
876.000000	0.022143	-4.863061E-8
877.000000	0.021236	-4.472476E-8
878.000000	0.020469	-4.201996E-8
879.000000	0.019662	-3.996033E-8
880.000000	0.018851	-3.816325E-8
881.000000	0.018120	-3.662659E-8
882.000000	0.017412	-3.484812E-8
883.000000	0.016738	-3.292655E-8
884.000000	0.016054	-3.080794E-8
885.000000	0.015384	-2.856941E-8
886.000000	0.014760	-2.705408E-8
887.000000	0.014187	-2.626643E-8
888.000000	0.013591	-2.530754E-8
889.000000	0.013091	-2.431340E-8
890.000000	0.012588	-2.310192E-8
891.000000	0.012075	-2.160625E-8
892.000000	0.011579	-2.022259E-8
893.000000	0.011125	-1.942568E-8
894.000000	0.010696	-1.892647E-8
895.000000	0.010261	-1.810435E-8
896.000000	0.009852	-1.739613E-8
897.000000	0.009472	-1.684693E-8
898.000000	0.009085	-1.581116E-8
899.000000	0.008750	-1.481476E-8
900.000000	0.008409	-1.427207E-8
901.000000	0.008065	-1.378913E-8
902.000000	0.007730	-1.324553E-8
903.000000	0.007417	-1.266963E-8
904.000000	0.007134	-1.221515E-8
905.000000	0.006841	-1.177000E-8
906.000000	0.006584	-1.119076E-8
907.000000	0.006348	-1.074992E-8
908.000000	0.006073	-1.034096E-8
909.000000	0.005833	-9.839133E-9
910.000000	0.005600	-9.396260E-9
911.000000	0.005378	-9.038339E-9
912.000000	0.005171	-8.741400E-9
913.000000	0.004968	-8.449700E-9
914.000000	0.004775	-8.074651E-9
915.000000	0.004595	-7.714378E-9
916.000000	0.004407	-7.309685E-9
917.000000	0.004228	-6.939286E-9
918.000000	0.004063	-6.714387E-9
919.000000	0.003897	-6.446190E-9
920.000000	0.003742	-6.178381E-9
921.000000	0.003612	-6.007861E-9
922.000000	0.003475	-5.715220E-9
923.000000	0.003330	-5.386308E-9
924.000000	0.003205	-5.174932E-9
925.000000	0.003077	-4.922288E-9
926.000000	0.002952	-4.723554E-9
927.000000	0.002841	-4.564350E-9
928.000000	0.002731	-4.382051E-9
929.000000	0.002626	-4.207350E-9
930.000000	0.002531	-3.961549E-9
931.000000	0.002442	-3.739469E-9
932.000000	0.002357	-3.582855E-9
933.000000	0.002253	-3.383705E-9
934.000000	0.002172	-3.274004E-9
935.000000	0.002099	-3.197405E-9
936.000000	0.002014	-3.044246E-9
937.000000	0.001945	-2.903702E-9
938.000000	0.001873	-2.732483E-9
939.000000	0.001812	-2.611837E-9
940.000000	0.001748	-2.540585E-9
941.000000	0.001674	-2.426568E-9
942.000000	0.001613	-2.342072E-9
943.000000	0.001565	-2.264152E-9
944.000000	0.001509	-2.140256E-9
945.000000	0.001460	-2.037795E-9
946.000000	0.001408	-1.928774E-9
947.000000	0.001359	-1.829843E-9
948.000000	0.001311	-1.770840E-9
949.000000	0.001268	-1.721017E-9
950.000000	0.001220	-1.657714E-9
951.000000	0.001178	-1.592386E-9
952.000000	0.001151	-1.524169E-9
953.000000	0.001130	-1.479009E-9
954.000000	0.001074	-1.392842E-9
955.000000	0.001045	-1.346631E-9
956.000000	0.001015	-1.316752E-9
957.000000	0.000977	-1.262829E-9
958.000000	0.000952	-1.220554E-9
959.000000	0.000924	-1.172092E-9
960.000000	0.000899	-1.106055E-9
961.000000	0.000875	-1.056843E-9
962.000000	0.000846	-1.017765E-9
963.000000	0.000830	-9.997984E-10
964.000000	0.000797	-9.709513E-10
965.000000	0.000781	-9.447314E-10
966.000000	0.000764	-9.098424E-10
967.000000	0.000744	-8.793111E-10
968.000000	0.000728	-8.444629E-10
969.000000	0.000715	-8.200262E-10
970.000000	0.000691	-7.955253E-10
971.000000	0.000675	-7.787953E-10
972.000000	0.000660	-7.578789E-10
973.000000	0.000647	-7.287611E-10
974.000000	0.000636	-6.985709E-10
975.000000	0.000632	-6.835724E-10
976.000000	0.000609	-6.476214E-10
977.000000	0.000600	-6.394388E-10
978.000000	0.000588	-6.323529E-10
979.000000	0.000575	-6.155536E-10
980.000000	0.000572	-6.095352E-10
981.000000	0.000561	-5.912811E-10
982.000000	0.000547	-5.678536E-10
983.000000	0.000538	-5.532186E-10
984.000000	0.000522	-5.380968E-10
985.000000	0.000516	-5.336097E-10
986.000000	0.000509	-5.249870E-10
987.000000	0.000508	-5.148684E-10
988.000000	0.000497	-4.961803E-10
989.000000	0.000503	-4.934465E-10
990.000000	0.000500	-4.821671E-10
991.000000	0.000481	-4.645759E-10
992.000000	0.000481	-4.688228E-10
993.000000	0.000469	-4.614435E-10
994.000000	0.000475	-4.691101E-10
995.000000	0.000461	-4.509439E-10
996.000000	0.000449	-4.362853E-10
997.000000	0.000453	-4.352765E-10
998.000000	0.000434	-4.133038E-10
999.000000	0.000431	-4.132041E-10
1000.000000	0.000432	-4.154213E-10
1001.000000	0.000420	-4.016663E-10
1002.000000	0.000428	-4.061007E-10
1003.000000	0.000425	-3.977890E-10
1004.000000	0.000415	-3.849663E-10
1005.000000	0.000414	-3.862335E-10
1006.000000	0.000405	-3.812185E-10
1007.000000	0.000394	-3.760917E-10
1008.000000	0.000396	-3.800687E-10
1009.000000	0.000390	-3.726368E-10
1010.000000	0.000387	-3.672405E-10
1011.000000	0.000379	-3.589168E-10
1012.000000	0.000380	-3.613627E-10
1013.000000	0.000377	-3.642079E-10
1014.000000	0.000362	-3.534854E-10
1015.000000	0.000357	-3.492327E-10
1016.000000	0.000357	-3.495670E-10
1017.000000	0.000351	-3.444463E-10
1018.000000	0.000355	-3.524646E-10
1019.000000	0.000341	-3.468396E-10
1020.000000	0.000324	-3.407040E-10
1021.000000	0.000308	-3.354307E-10
1022.000000	0.000303	-3.375774E-10
1023.000000	0.000298	-3.381698E-10
1024.000000	0.000295	-3.416659E-10
1025.000000	0.000286	-3.403989E-10
1026.000000	0.000265	-3.328967E-10
1027.000000	0.000262	-3.356241E-10
1028.000000	0.000254	-3.316649E-10
1029.000000	0.000248	-3.284330E-10
1030.000000	0.000246	-3.261803E-10
1031.000000	0.000250	-3.338118E-10
1032.000000	0.000246	-3.321869E-10
1033.000000	0.000232	-3.189422E-10
1034.000000	0.000235	-3.275589E-10
1035.000000	0.000232	-3.220333E-10
1036.000000	0.000236	-3.162733E-10
1037.000000	0.000250	-3.179567E-10
1038.000000	0.000252	-3.021661E-10
1039.000000	0.000259	-2.976202E-10
1040.000000	0.000267	-2.990046E-10
1041.000000	0.000270	-2.988987E-10
1042.000000	0.000265	-2.931564E-10
1043.000000	0.000257	-2.841347E-10
1044.000000	0.000260	-2.899715E-10
1045.000000	0.000254	-2.850735E-10
1046.000000	0.000254	-2.873963E-10
1047.000000	0.000245	-2.844106E-10
1048.000000	0.000238	-2.856541E-10
1049.000000	0.000233	-2.893787E-10
1050.000000	0.000222	-2.848683E-10
1051.000000	0.000220	-2.898659E-10
1052.000000	0.000208	-2.822228E-10
1053.000000	0.000199	-2.803399E-10
1054.000000	0.000193	-2.824868E-10
1055.000000	0.000179	-2.732014E-10
1056.000000	0.000174	-2.825983E-10
1057.000000	0.000158	-2.726968E-10
1058.000000	0.000150	-2.749200E-10
1059.000000	0.000141	-2.788558E-10
1060.000000	0.000130	-2.846629E-10
1061.000000	0.000110	-2.855545E-10
1062.000000	9.832992E-5	-3.021017E-10
1063.000000	7.103751E-5	-3.233530E-10
1064.000000	4.851371E-5	-3.931728E-10
1065.000000	4.131221E-5	-4.371183E-10
1066.000000	4.861255E-5	-3.905680E-10
1067.000000	6.567213E-5	-3.156866E-10
1068.000000	8.546097E-5	-3.019844E-10
1069.000000	0.000104	-2.815659E-10
1070.000000	0.000126	-2.677872E-10
1071.000000	0.000140	-2.541846E-10
1072.000000	0.000150	-2.551701E-10
1073.000000	0.000149	-2.452157E-10
1074.000000	0.000160	-2.527828E-10
1075.000000	0.000164	-2.452101E-10
1076.000000	0.000171	-2.410984E-10
1077.000000	0.000184	-2.435151E-10
1078.000000	0.000193	-2.452573E-10
1079.000000	0.000199	-2.493162E-10
1080.000000	0.000193	-2.402476E-10
1081.000000	0.000195	-2.343468E-10
1082.000000	0.000206	-2.366991E-10
1083.000000	0.000214	-2.396262E-10
1084.000000	0.000215	-2.359834E-10
1085.000000	0.000208	-2.260586E-10
1086.000000	0.000215	-2.322412E-10
1087.000000	0.000224	-2.372915E-10
1088.000000	0.000227	-2.373560E-10
1089.000000	0.000226	-2.347398E-10
1090.000000	0.000220	-2.249146E-10
1091.000000	0.000219	-2.222224E-10
1092.000000	0.000229	-2.302408E-10
1093.000000	0.000228	-2.281409E-10
1094.000000	0.000229	-2.276835E-10
1095.000000	0.000227	-2.222695E-10
1096.000000	0.000229	-2.222460E-10
1097.000000	0.000238	-2.313905E-10
1098.000000	0.000235	-2.268798E-10
1099.000000	0.000232	-2.296309E-10
1100.000000	0.000226	-2.295135E-10
