Wavelength (nm)	EQE (%)	Current (A)	Dark Current (A) -> 	-83.572362000E-12	
400.000000	53.855962	-1.637525E-6
401.000000	57.442203	-2.455635E-6
402.000000	57.872160	-3.797691E-6
403.000000	58.588138	-5.573425E-6
404.000000	57.441354	-7.576621E-6
405.000000	57.485549	-9.543996E-6
406.000000	58.568642	-1.265214E-5
407.000000	58.148516	-1.333396E-5
408.000000	57.693607	-1.436187E-5
409.000000	57.597550	-1.519498E-5
410.000000	58.419558	-1.623629E-5
411.000000	57.716366	-2.093483E-5
412.000000	57.144170	-2.399908E-5
413.000000	57.778859	-3.191246E-5
414.000000	57.292833	-3.612638E-5
415.000000	56.994647	-3.607009E-5
416.000000	56.670506	-3.348535E-5
417.000000	57.128087	-2.974281E-5
418.000000	55.507030	-1.886417E-5
419.000000	55.897983	-1.401506E-5
420.000000	57.411145	-1.478825E-5
421.000000	56.347301	-1.574299E-5
422.000000	55.850573	-1.415386E-5
423.000000	56.160907	-1.484903E-5
424.000000	55.917914	-1.648148E-5
425.000000	55.495157	-1.771110E-5
426.000000	55.745607	-1.862830E-5
427.000000	55.616241	-1.950748E-5
428.000000	55.407971	-2.163763E-5
429.000000	54.584675	-2.401449E-5
430.000000	54.432229	-2.556451E-5
431.000000	54.156418	-2.614970E-5
432.000000	53.664854	-2.579134E-5
433.000000	54.011229	-2.641959E-5
434.000000	54.065963	-2.903693E-5
435.000000	53.390761	-2.954270E-5
436.000000	53.570495	-2.973588E-5
437.000000	53.785424	-3.243356E-5
438.000000	53.473570	-3.314459E-5
439.000000	52.918891	-3.274113E-5
440.000000	52.720783	-3.286277E-5
441.000000	53.825862	-3.638998E-5
442.000000	53.157670	-3.499192E-5
443.000000	52.482966	-3.350293E-5
444.000000	52.988359	-3.369870E-5
445.000000	52.987810	-3.285205E-5
446.000000	52.870129	-3.233565E-5
447.000000	53.553231	-3.661521E-5
448.000000	52.736270	-4.034482E-5
449.000000	52.668096	-3.680966E-5
450.000000	52.564625	-3.501675E-5
451.000000	53.671153	-3.900416E-5
452.000000	53.219523	-4.074665E-5
453.000000	51.715426	-3.790006E-5
454.000000	51.506553	-3.415742E-5
455.000000	52.884779	-3.538200E-5
456.000000	53.809608	-4.130030E-5
457.000000	53.730323	-4.552168E-5
458.000000	53.345821	-4.625190E-5
459.000000	53.591580	-4.361983E-5
460.000000	53.313789	-4.027249E-5
461.000000	53.660594	-3.782373E-5
462.000000	54.717313	-3.711529E-5
463.000000	54.814294	-3.693725E-5
464.000000	54.582603	-3.749663E-5
465.000000	53.723498	-3.838894E-5
466.000000	52.695660	-3.483604E-5
467.000000	52.174904	-2.839536E-5
468.000000	54.086368	-2.939990E-5
469.000000	55.300092	-3.772922E-5
470.000000	53.462509	-3.694921E-5
471.000000	52.823222	-2.866733E-5
472.000000	55.041875	-2.908212E-5
473.000000	55.900400	-3.917994E-5
474.000000	53.660953	-3.836152E-5
475.000000	53.072780	-3.010076E-5
476.000000	53.953416	-3.001894E-5
477.000000	54.299078	-3.483363E-5
478.000000	53.457071	-3.190688E-5
479.000000	54.713437	-3.225561E-5
480.000000	55.094630	-3.845252E-5
481.000000	53.780005	-3.605324E-5
482.000000	52.634892	-2.633431E-5
483.000000	54.990907	-2.923132E-5
484.000000	55.044523	-3.491177E-5
485.000000	52.976226	-2.944356E-5
486.000000	54.236479	-2.872338E-5
487.000000	55.256437	-3.307778E-5
488.000000	54.087750	-3.178623E-5
489.000000	53.246298	-2.847280E-5
490.000000	54.417948	-3.218438E-5
491.000000	54.570630	-3.510735E-5
492.000000	54.696441	-3.842569E-5
493.000000	54.333724	-4.004460E-5
494.000000	53.239615	-3.622384E-5
495.000000	54.609630	-3.688680E-5
496.000000	53.501808	-4.138790E-5
497.000000	54.366295	-4.299325E-5
498.000000	53.852441	-3.963816E-5
499.000000	53.979467	-3.908559E-5
500.000000	54.780666	-4.425025E-5
501.000000	55.571541	-5.136860E-5
502.000000	54.273440	-4.826551E-5
503.000000	54.122269	-4.635574E-5
504.000000	55.160844	-5.450327E-5
505.000000	55.387452	-5.930978E-5
506.000000	54.682423	-5.375914E-5
507.000000	52.921741	-4.423579E-5
508.000000	54.435042	-4.446564E-5
509.000000	54.860490	-4.398902E-5
510.000000	53.549804	-3.837363E-5
511.000000	53.536143	-3.635982E-5
512.000000	54.573280	-4.160357E-5
513.000000	54.955054	-4.863700E-5
514.000000	56.356492	-5.737403E-5
515.000000	55.671787	-6.825734E-5
516.000000	55.580991	-8.657535E-5
517.000000	55.961797	-9.398809E-5
518.000000	54.135043	-7.889089E-5
519.000000	53.407135	-6.666780E-5
520.000000	54.607254	-6.164918E-5
521.000000	52.474188	-4.623446E-5
522.000000	53.360495	-3.881818E-5
523.000000	54.121914	-3.834405E-5
524.000000	56.799809	-5.166210E-5
525.000000	56.376882	-6.915623E-5
526.000000	55.693297	-7.358732E-5
527.000000	55.916834	-8.162918E-5
528.000000	55.764820	-8.829888E-5
529.000000	54.712965	-8.179772E-5
530.000000	53.426132	-6.228501E-5
531.000000	53.284226	-4.598214E-5
532.000000	53.524536	-3.877282E-5
533.000000	54.264609	-4.229859E-5
534.000000	54.838545	-4.596421E-5
535.000000	55.720229	-6.070569E-5
536.000000	56.502933	-8.374056E-5
537.000000	54.698723	-7.597747E-5
538.000000	53.493003	-6.067375E-5
539.000000	54.149504	-6.092603E-5
540.000000	52.766869	-4.814252E-5
541.000000	53.356075	-4.371875E-5
542.000000	54.306472	-4.484974E-5
543.000000	54.694385	-5.396930E-5
544.000000	56.133715	-7.235757E-5
545.000000	55.039727	-7.373837E-5
546.000000	53.908425	-6.768083E-5
547.000000	54.661098	-6.739024E-5
548.000000	53.480022	-5.196728E-5
549.000000	52.445475	-4.151304E-5
550.000000	53.105028	-4.185630E-5
551.000000	54.426431	-4.673381E-5
552.000000	55.161614	-6.316963E-5
553.000000	55.187875	-7.338802E-5
554.000000	54.489046	-7.607062E-5
555.000000	54.027046	-7.631506E-5
556.000000	53.096382	-6.331337E-5
557.000000	52.653259	-5.084535E-5
558.000000	53.746994	-4.993713E-5
559.000000	54.096566	-5.553295E-5
560.000000	54.953200	-6.842583E-5
561.000000	54.561646	-7.544709E-5
562.000000	53.836873	-6.965179E-5
563.000000	53.423994	-6.903304E-5
564.000000	52.810468	-5.657247E-5
565.000000	52.213773	-4.577454E-5
566.000000	52.353875	-4.717366E-5
567.000000	52.832659	-5.126835E-5
568.000000	53.134176	-6.281252E-5
569.000000	53.048297	-6.839416E-5
570.000000	52.231698	-6.495044E-5
571.000000	52.313152	-6.094829E-5
572.000000	52.007666	-5.256468E-5
573.000000	51.705977	-4.421096E-5
574.000000	52.725681	-4.662894E-5
575.000000	52.407291	-5.571489E-5
576.000000	53.041292	-7.147533E-5
577.000000	52.180685	-7.636149E-5
578.000000	52.003360	-7.816745E-5
579.000000	51.830676	-7.104177E-5
580.000000	51.136512	-5.703346E-5
581.000000	51.568538	-5.209409E-5
582.000000	51.757752	-5.040872E-5
583.000000	51.986899	-5.868923E-5
584.000000	51.898500	-7.115517E-5
585.000000	51.489356	-7.310374E-5
586.000000	50.727159	-6.939682E-5
587.000000	50.584058	-6.359879E-5
588.000000	50.162115	-5.285178E-5
589.000000	51.031135	-5.129297E-5
590.000000	51.029797	-5.294630E-5
591.000000	52.082064	-7.766207E-5
592.000000	51.873415	-7.825768E-5
593.000000	51.576613	-7.862569E-5
594.000000	51.077731	-7.532471E-5
595.000000	51.436506	-7.303069E-5
596.000000	51.444580	-7.288501E-5
597.000000	52.107014	-7.498918E-5
598.000000	52.792021	-8.074515E-5
599.000000	52.519348	-8.727979E-5
600.000000	52.395378	-9.201127E-5
601.000000	52.349528	-9.682330E-5
602.000000	51.738228	-9.692063E-5
603.000000	51.457071	-9.575865E-5
604.000000	50.667755	-9.196735E-5
605.000000	50.764165	-8.839538E-5
606.000000	51.098960	-8.938616E-5
607.000000	51.616263	-9.076307E-5
608.000000	52.419890	-9.609210E-5
609.000000	52.688131	-0.000103
610.000000	52.589683	-0.000107
611.000000	52.592607	-0.000111
612.000000	52.050777	-0.000112
613.000000	51.503753	-0.000109
614.000000	51.056405	-0.000105
615.000000	51.439849	-9.943104E-5
616.000000	51.917662	-9.919637E-5
617.000000	52.497220	-0.000102
618.000000	53.295344	-0.000110
619.000000	53.127550	-0.000116
620.000000	53.106428	-0.000119
621.000000	52.924019	-0.000122
622.000000	52.249824	-0.000124
623.000000	52.586909	-0.000129
624.000000	52.443990	-0.000134
625.000000	53.564864	-0.000145
626.000000	51.029539	-0.000136
627.000000	51.807875	-0.000135
628.000000	52.739210	-0.000135
629.000000	52.652977	-0.000135
630.000000	52.816497	-0.000137
631.000000	53.247427	-0.000143
632.000000	53.336814	-0.000150
633.000000	53.436514	-0.000155
634.000000	53.368105	-0.000160
635.000000	52.950443	-0.000160
636.000000	53.022133	-0.000158
637.000000	53.043341	-0.000159
638.000000	52.864934	-0.000159
639.000000	53.063367	-0.000161
640.000000	53.031685	-0.000159
641.000000	53.266530	-0.000155
642.000000	53.355122	-0.000156
643.000000	53.361563	-0.000157
644.000000	53.900908	-0.000165
645.000000	53.951287	-0.000175
646.000000	53.833561	-0.000180
647.000000	53.349928	-0.000179
648.000000	52.933634	-0.000171
649.000000	53.121743	-0.000165
650.000000	53.023474	-0.000160
651.000000	53.618686	-0.000163
652.000000	53.949251	-0.000174
653.000000	53.440975	-0.000179
654.000000	53.089019	-0.000182
655.000000	52.845523	-0.000176
656.000000	52.787800	-0.000167
657.000000	52.972237	-0.000163
658.000000	52.658628	-0.000159
659.000000	53.463151	-0.000166
660.000000	53.497725	-0.000180
661.000000	52.907317	-0.000189
662.000000	52.324288	-0.000190
663.000000	51.790691	-0.000180
664.000000	51.595589	-0.000162
665.000000	52.413592	-0.000151
666.000000	53.213298	-0.000155
667.000000	53.758030	-0.000168
668.000000	53.620147	-0.000182
669.000000	53.100354	-0.000190
670.000000	52.415938	-0.000186
671.000000	52.235536	-0.000172
672.000000	52.591570	-0.000164
673.000000	53.063121	-0.000162
674.000000	53.657887	-0.000164
675.000000	54.148767	-0.000178
676.000000	53.584730	-0.000188
677.000000	53.320319	-0.000189
678.000000	53.421728	-0.000186
679.000000	53.182673	-0.000175
680.000000	53.699706	-0.000166
681.000000	54.836208	-0.000174
682.000000	55.252885	-0.000190
683.000000	55.090640	-0.000201
684.000000	55.050449	-0.000205
685.000000	54.623937	-0.000200
686.000000	54.179402	-0.000184
687.000000	55.502698	-0.000177
688.000000	56.431829	-0.000190
689.000000	56.333849	-0.000201
690.000000	56.511107	-0.000211
691.000000	56.244745	-0.000217
692.000000	55.975064	-0.000211
693.000000	56.018354	-0.000199
694.000000	56.767681	-0.000193
695.000000	57.491378	-0.000197
696.000000	58.075757	-0.000214
697.000000	57.896431	-0.000233
698.000000	57.288727	-0.000244
699.000000	56.842976	-0.000240
700.000000	56.590389	-0.000227
701.000000	57.204834	-0.000221
702.000000	57.220586	-0.000217
703.000000	57.709297	-0.000229
704.000000	57.845903	-0.000255
705.000000	56.949607	-0.000265
706.000000	56.397621	-0.000256
707.000000	56.279819	-0.000245
708.000000	56.310270	-0.000235
709.000000	56.452122	-0.000222
710.000000	57.031979	-0.000226
711.000000	57.360193	-0.000258
712.000000	56.285056	-0.000277
713.000000	55.562582	-0.000267
714.000000	55.493723	-0.000246
715.000000	55.317654	-0.000224
716.000000	55.780389	-0.000219
717.000000	55.855724	-0.000226
718.000000	55.933387	-0.000240
719.000000	55.517939	-0.000255
720.000000	54.885102	-0.000256
721.000000	54.410799	-0.000247
722.000000	54.049743	-0.000231
723.000000	53.953504	-0.000213
724.000000	54.399223	-0.000211
725.000000	54.370727	-0.000220
726.000000	54.236590	-0.000232
727.000000	53.830683	-0.000238
728.000000	53.215403	-0.000232
729.000000	53.083572	-0.000217
730.000000	52.931627	-0.000202
731.000000	53.149036	-0.000197
732.000000	52.984974	-0.000198
733.000000	52.660492	-0.000206
734.000000	52.271879	-0.000215
735.000000	51.602769	-0.000212
736.000000	51.045224	-0.000203
737.000000	50.675528	-0.000194
738.000000	50.084791	-0.000183
739.000000	49.560713	-0.000179
740.000000	49.170178	-0.000182
741.000000	48.651274	-0.000185
742.000000	47.832385	-0.000186
743.000000	47.054538	-0.000180
744.000000	46.191568	-0.000168
745.000000	45.669877	-0.000160
746.000000	44.599837	-0.000154
747.000000	43.985549	-0.000152
748.000000	43.056204	-0.000154
749.000000	41.921436	-0.000153
750.000000	40.999165	-0.000149
751.000000	39.659474	-0.000142
752.000000	38.501303	-0.000132
753.000000	37.513144	-0.000124
754.000000	36.375750	-0.000119
755.000000	35.369251	-0.000116
756.000000	34.269841	-0.000116
757.000000	32.855306	-0.000112
758.000000	31.731695	-0.000107
759.000000	30.456174	-0.000101
760.000000	29.120212	-9.320374E-5
761.000000	27.956602	-8.665116E-5
762.000000	26.657140	-8.230203E-5
763.000000	25.523353	-8.005876E-5
764.000000	24.376032	-7.812847E-5
765.000000	23.149804	-7.506872E-5
766.000000	21.985028	-7.060873E-5
767.000000	20.779831	-6.527732E-5
768.000000	19.642082	-5.985486E-5
769.000000	18.604331	-5.602944E-5
770.000000	17.604227	-5.374473E-5
771.000000	16.664777	-5.219530E-5
772.000000	15.691513	-5.016084E-5
773.000000	14.840656	-4.756481E-5
774.000000	13.873454	-4.361568E-5
775.000000	13.025425	-3.962804E-5
776.000000	12.298747	-3.654197E-5
777.000000	11.604717	-3.468566E-5
778.000000	10.944567	-3.399777E-5
779.000000	10.267204	-3.326964E-5
780.000000	9.649144	-3.187988E-5
781.000000	9.026868	-2.945561E-5
782.000000	8.476711	-2.667600E-5
783.000000	7.976055	-2.441595E-5
784.000000	7.553332	-2.309826E-5
785.000000	7.126638	-2.267794E-5
786.000000	6.705202	-2.222729E-5
787.000000	6.312236	-2.135096E-5
788.000000	5.903152	-1.991611E-5
789.000000	5.553059	-1.797225E-5
790.000000	5.245750	-1.629775E-5
791.000000	4.961536	-1.524127E-5
792.000000	4.706681	-1.485444E-5
793.000000	4.464328	-1.483109E-5
794.000000	4.233987	-1.467395E-5
795.000000	3.976297	-1.393979E-5
796.000000	3.746483	-1.255617E-5
797.000000	3.550544	-1.129664E-5
798.000000	3.385718	-1.056537E-5
799.000000	3.227400	-1.022020E-5
800.000000	3.080346	-1.025625E-5
801.000000	2.932522	-1.031544E-5
802.000000	2.771295	-9.913338E-6
803.000000	2.624003	-9.054535E-6
804.000000	2.488465	-8.041035E-6
805.000000	2.378814	-7.276588E-6
806.000000	2.279991	-6.919201E-6
807.000000	2.191919	-6.955638E-6
808.000000	2.107602	-7.174526E-6
809.000000	1.999025	-7.093777E-6
810.000000	1.898632	-6.640445E-6
811.000000	1.808059	-6.057407E-6
812.000000	1.721054	-5.449133E-6
813.000000	1.656832	-5.097591E-6
814.000000	1.601680	-5.122194E-6
815.000000	1.540244	-5.258027E-6
816.000000	1.476742	-5.348418E-6
817.000000	1.401137	-5.138091E-6
818.000000	1.326942	-4.590617E-6
819.000000	1.272671	-4.087105E-6
820.000000	1.227510	-3.794323E-6
821.000000	1.188547	-3.750612E-6
822.000000	1.150749	-3.914250E-6
823.000000	1.105553	-4.050019E-6
824.000000	1.054737	-3.949046E-6
825.000000	1.000228	-3.634445E-6
826.000000	0.954433	-3.286949E-6
827.000000	0.920051	-3.056104E-6
828.000000	0.890987	-3.008728E-6
829.000000	0.862363	-3.066399E-6
830.000000	0.833961	-3.160957E-6
831.000000	0.803317	-3.188578E-6
832.000000	0.768311	-3.033666E-6
833.000000	0.739540	-2.770458E-6
834.000000	0.713906	-2.501027E-6
835.000000	0.692828	-2.359929E-6
836.000000	0.674161	-2.361406E-6
837.000000	0.649272	-2.396042E-6
838.000000	0.625405	-2.388879E-6
839.000000	0.598566	-2.305165E-6
840.000000	0.570395	-2.123482E-6
841.000000	0.545464	-1.905225E-6
842.000000	0.526857	-1.776534E-6
843.000000	0.510281	-1.753980E-6
844.000000	0.492575	-1.763831E-6
845.000000	0.473759	-1.763676E-6
846.000000	0.455818	-1.728526E-6
847.000000	0.434566	-1.604847E-6
848.000000	0.414731	-1.430263E-6
849.000000	0.400885	-1.302844E-6
850.000000	0.388770	-1.257965E-6
851.000000	0.374887	-1.252724E-6
852.000000	0.361389	-1.247946E-6
853.000000	0.347150	-1.220049E-6
854.000000	0.332407	-1.141115E-6
855.000000	0.318405	-1.036041E-6
856.000000	0.306248	-9.463748E-7
857.000000	0.296037	-8.895850E-7
858.000000	0.287409	-8.763031E-7
859.000000	0.276902	-8.710774E-7
860.000000	0.265141	-8.327007E-7
861.000000	0.254818	-7.673540E-7
862.000000	0.244502	-7.001672E-7
863.000000	0.235791	-6.407639E-7
864.000000	0.227993	-6.023247E-7
865.000000	0.220186	-5.822767E-7
866.000000	0.212828	-5.691776E-7
867.000000	0.205241	-5.553025E-7
868.000000	0.195834	-5.176419E-7
869.000000	0.187360	-4.623198E-7
870.000000	0.180719	-4.234102E-7
871.000000	0.174872	-4.040836E-7
872.000000	0.168634	-3.904420E-7
873.000000	0.162214	-3.783554E-7
874.000000	0.155921	-3.634578E-7
875.000000	0.149604	-3.412835E-7
876.000000	0.143343	-3.148038E-7
877.000000	0.137568	-2.897276E-7
878.000000	0.133011	-2.730565E-7
879.000000	0.127813	-2.597648E-7
880.000000	0.123012	-2.490367E-7
881.000000	0.118529	-2.395855E-7
882.000000	0.113830	-2.278232E-7
883.000000	0.109292	-2.150030E-7
884.000000	0.104424	-2.003970E-7
885.000000	0.100320	-1.863003E-7
886.000000	0.096777	-1.773833E-7
887.000000	0.092994	-1.721690E-7
888.000000	0.089335	-1.663518E-7
889.000000	0.085673	-1.591115E-7
890.000000	0.082208	-1.508657E-7
891.000000	0.078635	-1.406996E-7
892.000000	0.075629	-1.320893E-7
893.000000	0.073037	-1.275292E-7
894.000000	0.070090	-1.240195E-7
895.000000	0.067267	-1.186897E-7
896.000000	0.064718	-1.142740E-7
897.000000	0.062119	-1.104803E-7
898.000000	0.059247	-1.031116E-7
899.000000	0.056911	-9.635868E-8
900.000000	0.054831	-9.306264E-8
901.000000	0.052610	-8.995006E-8
902.000000	0.050343	-8.626571E-8
903.000000	0.048291	-8.249114E-8
904.000000	0.046478	-7.958010E-8
905.000000	0.044507	-7.657948E-8
906.000000	0.042700	-7.258005E-8
907.000000	0.041172	-6.972432E-8
908.000000	0.039323	-6.695547E-8
909.000000	0.037649	-6.351043E-8
910.000000	0.036072	-6.052913E-8
911.000000	0.034609	-5.815988E-8
912.000000	0.033287	-5.627160E-8
913.000000	0.031915	-5.428046E-8
914.000000	0.030623	-5.178712E-8
915.000000	0.029373	-4.931756E-8
916.000000	0.028055	-4.653614E-8
917.000000	0.026921	-4.418023E-8
918.000000	0.025803	-4.264032E-8
919.000000	0.024720	-4.089069E-8
920.000000	0.023774	-3.924910E-8
921.000000	0.022899	-3.808439E-8
922.000000	0.021791	-3.583840E-8
923.000000	0.020934	-3.386456E-8
924.000000	0.020020	-3.232619E-8
925.000000	0.019169	-3.065973E-8
926.000000	0.018388	-2.942617E-8
927.000000	0.017650	-2.835319E-8
928.000000	0.016959	-2.720867E-8
929.000000	0.016258	-2.604531E-8
930.000000	0.015581	-2.438763E-8
931.000000	0.014955	-2.290147E-8
932.000000	0.014279	-2.170332E-8
933.000000	0.013628	-2.047020E-8
934.000000	0.013165	-1.984716E-8
935.000000	0.012678	-1.931058E-8
936.000000	0.012130	-1.833729E-8
937.000000	0.011587	-1.730047E-8
938.000000	0.011121	-1.622097E-8
939.000000	0.010685	-1.540177E-8
940.000000	0.010244	-1.488523E-8
941.000000	0.009815	-1.422597E-8
942.000000	0.009422	-1.368522E-8
943.000000	0.009052	-1.309817E-8
944.000000	0.008684	-1.231620E-8
945.000000	0.008332	-1.162968E-8
946.000000	0.007987	-1.094033E-8
947.000000	0.007627	-1.027176E-8
948.000000	0.007341	-9.914598E-9
949.000000	0.007061	-9.583778E-9
950.000000	0.006780	-9.213728E-9
951.000000	0.006507	-8.796742E-9
952.000000	0.006249	-8.277476E-9
953.000000	0.006012	-7.866121E-9
954.000000	0.005744	-7.449453E-9
955.000000	0.005527	-7.119004E-9
956.000000	0.005305	-6.882741E-9
957.000000	0.005082	-6.569864E-9
958.000000	0.004897	-6.282180E-9
959.000000	0.004712	-5.975024E-9
960.000000	0.004515	-5.552604E-9
961.000000	0.004341	-5.242402E-9
962.000000	0.004177	-5.024133E-9
963.000000	0.004025	-4.846349E-9
964.000000	0.003865	-4.710946E-9
965.000000	0.003714	-4.494910E-9
966.000000	0.003581	-4.264338E-9
967.000000	0.003452	-4.079439E-9
968.000000	0.003321	-3.851052E-9
969.000000	0.003201	-3.672771E-9
970.000000	0.003081	-3.545620E-9
971.000000	0.002964	-3.422421E-9
972.000000	0.002855	-3.279433E-9
973.000000	0.002751	-3.098364E-9
974.000000	0.002660	-2.923491E-9
975.000000	0.002563	-2.769915E-9
976.000000	0.002474	-2.630541E-9
977.000000	0.002389	-2.547629E-9
978.000000	0.002305	-2.480789E-9
979.000000	0.002225	-2.380991E-9
980.000000	0.002152	-2.291563E-9
981.000000	0.002081	-2.194972E-9
982.000000	0.002012	-2.088480E-9
983.000000	0.001947	-2.003943E-9
984.000000	0.001883	-1.938865E-9
985.000000	0.001821	-1.883469E-9
986.000000	0.001754	-1.808670E-9
987.000000	0.001699	-1.721675E-9
988.000000	0.001646	-1.643075E-9
989.000000	0.001600	-1.569437E-9
990.000000	0.001554	-1.498345E-9
991.000000	0.001508	-1.456118E-9
992.000000	0.001456	-1.419468E-9
993.000000	0.001408	-1.384584E-9
994.000000	0.001365	-1.347872E-9
995.000000	0.001329	-1.300858E-9
996.000000	0.001290	-1.252583E-9
997.000000	0.001258	-1.208503E-9
998.000000	0.001224	-1.166240E-9
999.000000	0.001184	-1.135786E-9
1000.000000	0.001148	-1.104292E-9
1001.000000	0.001120	-1.070986E-9
1002.000000	0.001090	-1.035465E-9
1003.000000	0.001063	-9.944521E-10
1004.000000	0.001037	-9.624370E-10
1005.000000	0.001008	-9.396488E-10
1006.000000	0.000979	-9.216994E-10
1007.000000	0.000952	-9.086720E-10
1008.000000	0.000927	-8.902186E-10
1009.000000	0.000903	-8.628728E-10
1010.000000	0.000881	-8.365945E-10
1011.000000	0.000859	-8.125159E-10
1012.000000	0.000834	-7.930829E-10
1013.000000	0.000808	-7.798913E-10
1014.000000	0.000787	-7.680540E-10
1015.000000	0.000766	-7.498819E-10
1016.000000	0.000748	-7.319680E-10
1017.000000	0.000727	-7.136671E-10
1018.000000	0.000705	-7.003230E-10
1019.000000	0.000683	-6.952078E-10
1020.000000	0.000661	-6.951726E-10
1021.000000	0.000636	-6.933661E-10
1022.000000	0.000615	-6.852890E-10
1023.000000	0.000597	-6.764907E-10
1024.000000	0.000576	-6.670645E-10
1025.000000	0.000554	-6.601428E-10
1026.000000	0.000524	-6.597733E-10
1027.000000	0.000513	-6.567467E-10
1028.000000	0.000499	-6.520772E-10
1029.000000	0.000484	-6.403109E-10
1030.000000	0.000472	-6.266908E-10
1031.000000	0.000459	-6.124952E-10
1032.000000	0.000444	-6.011984E-10
1033.000000	0.000430	-5.904757E-10
1034.000000	0.000415	-5.790143E-10
1035.000000	0.000405	-5.626780E-10
1036.000000	0.000406	-5.448643E-10
1037.000000	0.000409	-5.210435E-10
1038.000000	0.000410	-4.921788E-10
1039.000000	0.000410	-4.700060E-10
1040.000000	0.000405	-4.524620E-10
1041.000000	0.000397	-4.400032E-10
1042.000000	0.000389	-4.301077E-10
1043.000000	0.000382	-4.215615E-10
1044.000000	0.000372	-4.142469E-10
1045.000000	0.000362	-4.055774E-10
1046.000000	0.000352	-3.987556E-10
1047.000000	0.000340	-3.949605E-10
1048.000000	0.000327	-3.924443E-10
1049.000000	0.000313	-3.892476E-10
1050.000000	0.000302	-3.886082E-10
1051.000000	0.000292	-3.847544E-10
1052.000000	0.000281	-3.818569E-10
1053.000000	0.000271	-3.817686E-10
1054.000000	0.000259	-3.781027E-10
1055.000000	0.000249	-3.804959E-10
1056.000000	0.000236	-3.847720E-10
1057.000000	0.000226	-3.895931E-10
1058.000000	0.000215	-3.941102E-10
1059.000000	0.000204	-4.022518E-10
1060.000000	0.000190	-4.175379E-10
1061.000000	0.000173	-4.483209E-10
1062.000000	0.000163	-5.021564E-10
1063.000000	0.000148	-6.719449E-10
1064.000000	0.000128	-1.038480E-9
1065.000000	0.000113	-1.197833E-9
1066.000000	0.000109	-8.741526E-10
1067.000000	0.000117	-5.604135E-10
1068.000000	0.000126	-4.457457E-10
1069.000000	0.000142	-3.855109E-10
1070.000000	0.000163	-3.461288E-10
1071.000000	0.000174	-3.148412E-10
1072.000000	0.000171	-2.908974E-10
1073.000000	0.000167	-2.751128E-10
1074.000000	0.000166	-2.635631E-10
1075.000000	0.000170	-2.537090E-10
1076.000000	0.000173	-2.436727E-10
1077.000000	0.000178	-2.361236E-10
1078.000000	0.000182	-2.311906E-10
1079.000000	0.000181	-2.258176E-10
1080.000000	0.000178	-2.209783E-10
1081.000000	0.000178	-2.140041E-10
1082.000000	0.000182	-2.089302E-10
1083.000000	0.000183	-2.047656E-10
1084.000000	0.000184	-2.021260E-10
1085.000000	0.000184	-1.998560E-10
1086.000000	0.000182	-1.969525E-10
1087.000000	0.000183	-1.934272E-10
1088.000000	0.000182	-1.905764E-10
1089.000000	0.000181	-1.880249E-10
1090.000000	0.000182	-1.859250E-10
1091.000000	0.000180	-1.830155E-10
1092.000000	0.000180	-1.814258E-10
1093.000000	0.000178	-1.785107E-10
1094.000000	0.000179	-1.779711E-10
1095.000000	0.000178	-1.742229E-10
1096.000000	0.000178	-1.723633E-10
1097.000000	0.000175	-1.693424E-10
1098.000000	0.000173	-1.670546E-10
1099.000000	0.000170	-1.675592E-10
1100.000000	0.000166	-1.678820E-10
