Wavelength (nm)	EQE (%)	Current (A)	Dark Current (A) -> 	-78.696858000E-12	
400.000000	51.941416	-1.579312E-6
401.000000	55.574025	-2.375771E-6
402.000000	55.848755	-3.664911E-6
403.000000	56.092998	-5.336065E-6
404.000000	55.050319	-7.261239E-6
405.000000	55.325099	-9.185309E-6
406.000000	56.518762	-1.220932E-5
407.000000	56.051648	-1.285313E-5
408.000000	55.631008	-1.384842E-5
409.000000	55.776108	-1.471446E-5
410.000000	56.541141	-1.571423E-5
411.000000	56.016786	-2.031836E-5
412.000000	55.615957	-2.335727E-5
413.000000	56.516821	-3.121541E-5
414.000000	55.853676	-3.521891E-5
415.000000	55.860240	-3.535216E-5
416.000000	56.051732	-3.311973E-5
417.000000	55.655248	-2.897600E-5
418.000000	54.245598	-1.843547E-5
419.000000	54.757533	-1.372912E-5
420.000000	56.370634	-1.452023E-5
421.000000	55.935873	-1.562804E-5
422.000000	55.668191	-1.410764E-5
423.000000	56.426223	-1.491918E-5
424.000000	56.118698	-1.654066E-5
425.000000	55.921701	-1.784723E-5
426.000000	56.007004	-1.871565E-5
427.000000	56.341940	-1.976202E-5
428.000000	55.744168	-2.176892E-5
429.000000	55.276254	-2.431875E-5
430.000000	55.842895	-2.622704E-5
431.000000	55.459148	-2.677873E-5
432.000000	55.093525	-2.647796E-5
433.000000	55.427686	-2.711245E-5
434.000000	55.243233	-2.966920E-5
435.000000	54.951963	-3.040656E-5
436.000000	55.089539	-3.057907E-5
437.000000	55.642319	-3.355330E-5
438.000000	55.143590	-3.417972E-5
439.000000	54.303463	-3.359777E-5
440.000000	55.215408	-3.441776E-5
441.000000	55.498014	-3.752047E-5
442.000000	54.712846	-3.601564E-5
443.000000	54.164232	-3.457618E-5
444.000000	54.717608	-3.479844E-5
445.000000	54.424747	-3.374294E-5
446.000000	54.972481	-3.362146E-5
447.000000	55.326321	-3.782750E-5
448.000000	53.910865	-4.124342E-5
449.000000	54.208677	-3.788637E-5
450.000000	54.145298	-3.606974E-5
451.000000	55.022243	-3.998603E-5
452.000000	54.275995	-4.155552E-5
453.000000	53.134568	-3.894009E-5
454.000000	52.616063	-3.489321E-5
455.000000	54.303709	-3.633132E-5
456.000000	54.913817	-4.214781E-5
457.000000	54.458040	-4.613822E-5
458.000000	54.060234	-4.687131E-5
459.000000	54.710152	-4.453027E-5
460.000000	54.438564	-4.112213E-5
461.000000	54.287093	-3.826533E-5
462.000000	54.901712	-3.724037E-5
463.000000	55.481998	-3.738719E-5
464.000000	55.468900	-3.810549E-5
465.000000	54.488733	-3.893575E-5
466.000000	52.956703	-3.500861E-5
467.000000	52.487839	-2.856567E-5
468.000000	54.442567	-2.959352E-5
469.000000	55.623135	-3.794962E-5
470.000000	53.609906	-3.705108E-5
471.000000	52.700153	-2.860054E-5
472.000000	55.204698	-2.916815E-5
473.000000	56.000929	-3.925040E-5
474.000000	53.424077	-3.819218E-5
475.000000	53.056294	-3.009141E-5
476.000000	54.225242	-3.017018E-5
477.000000	54.415833	-3.490853E-5
478.000000	53.150321	-3.172379E-5
479.000000	54.620822	-3.220101E-5
480.000000	54.808543	-3.825285E-5
481.000000	53.603345	-3.593481E-5
482.000000	51.908018	-2.597064E-5
483.000000	54.935844	-2.920205E-5
484.000000	54.262587	-3.441583E-5
485.000000	51.755761	-2.876524E-5
486.000000	53.353824	-2.825593E-5
487.000000	54.750292	-3.277479E-5
488.000000	53.094997	-3.120281E-5
489.000000	52.247734	-2.793883E-5
490.000000	54.122697	-3.200976E-5
491.000000	53.790340	-3.460536E-5
492.000000	53.857056	-3.783600E-5
493.000000	53.639027	-3.953260E-5
494.000000	52.621604	-3.580335E-5
495.000000	53.255685	-3.597226E-5
496.000000	52.759325	-4.081353E-5
497.000000	53.099703	-4.199162E-5
498.000000	52.210966	-3.842995E-5
499.000000	53.298067	-3.859220E-5
500.000000	54.422186	-4.396068E-5
501.000000	54.178775	-5.008117E-5
502.000000	52.806943	-4.696135E-5
503.000000	52.991680	-4.538739E-5
504.000000	54.639013	-5.398766E-5
505.000000	54.459066	-5.831565E-5
506.000000	53.403509	-5.250182E-5
507.000000	52.059791	-4.351531E-5
508.000000	53.186414	-4.344569E-5
509.000000	53.707358	-4.306440E-5
510.000000	52.490826	-3.761477E-5
511.000000	53.173947	-3.611383E-5
512.000000	53.836328	-4.104176E-5
513.000000	54.088204	-4.786981E-5
514.000000	55.016290	-5.600963E-5
515.000000	54.078489	-6.630385E-5
516.000000	54.561284	-8.498701E-5
517.000000	55.203674	-9.271482E-5
518.000000	53.320343	-7.770363E-5
519.000000	52.817866	-6.593222E-5
520.000000	53.820668	-6.076116E-5
521.000000	51.890206	-4.571992E-5
522.000000	52.953317	-3.852197E-5
523.000000	53.971506	-3.823749E-5
524.000000	56.723265	-5.159248E-5
525.000000	56.459390	-6.925744E-5
526.000000	55.602152	-7.346689E-5
527.000000	56.039725	-8.180858E-5
528.000000	55.895904	-8.850644E-5
529.000000	55.054134	-8.230778E-5
530.000000	53.476895	-6.234419E-5
531.000000	53.512429	-4.617907E-5
532.000000	54.006470	-3.912193E-5
533.000000	55.802838	-4.349762E-5
534.000000	55.870134	-4.682886E-5
535.000000	56.959837	-6.205621E-5
536.000000	57.748256	-8.558620E-5
537.000000	55.774880	-7.747227E-5
538.000000	54.538146	-6.185919E-5
539.000000	55.600988	-6.255916E-5
540.000000	54.351261	-4.958806E-5
541.000000	54.843058	-4.493715E-5
542.000000	56.320061	-4.651269E-5
543.000000	56.699527	-5.594786E-5
544.000000	57.946617	-7.469444E-5
545.000000	56.914321	-7.624982E-5
546.000000	56.105485	-7.043919E-5
547.000000	57.012401	-7.028910E-5
548.000000	55.385635	-5.381899E-5
549.000000	55.113896	-4.362522E-5
550.000000	55.639818	-4.385417E-5
551.000000	57.059755	-4.899494E-5
552.000000	58.060537	-6.648940E-5
553.000000	57.934882	-7.704095E-5
554.000000	57.209937	-7.986918E-5
555.000000	56.885533	-8.035277E-5
556.000000	56.383788	-6.723335E-5
557.000000	56.026959	-5.410321E-5
558.000000	57.240911	-5.318338E-5
559.000000	57.591731	-5.912092E-5
560.000000	58.675090	-7.306020E-5
561.000000	58.298768	-8.061473E-5
562.000000	57.736232	-7.469661E-5
563.000000	57.348739	-7.410449E-5
564.000000	56.637963	-6.067262E-5
565.000000	55.919294	-4.902308E-5
566.000000	56.340130	-5.076549E-5
567.000000	57.142591	-5.545067E-5
568.000000	57.285852	-6.772042E-5
569.000000	56.926931	-7.339481E-5
570.000000	56.421440	-7.016041E-5
571.000000	56.509557	-6.583738E-5
572.000000	56.417565	-5.702181E-5
573.000000	56.842569	-4.860298E-5
574.000000	57.980831	-5.127643E-5
575.000000	57.347197	-6.096657E-5
576.000000	57.938931	-7.807510E-5
577.000000	57.298378	-8.385075E-5
578.000000	57.072699	-8.578729E-5
579.000000	56.688900	-7.770070E-5
580.000000	56.477752	-6.299064E-5
581.000000	57.010071	-5.759108E-5
582.000000	57.558495	-5.605827E-5
583.000000	56.779447	-6.409965E-5
584.000000	57.176190	-7.839112E-5
585.000000	56.685620	-8.048131E-5
586.000000	56.278170	-7.699083E-5
587.000000	55.948186	-7.034305E-5
588.000000	55.912322	-5.891031E-5
589.000000	56.539134	-5.682923E-5
590.000000	56.711839	-5.884174E-5
591.000000	57.783979	-8.616447E-5
592.000000	57.820017	-8.722889E-5
593.000000	57.138298	-8.710417E-5
594.000000	56.904399	-8.391734E-5
595.000000	57.411910	-8.151470E-5
596.000000	57.656199	-8.168543E-5
597.000000	58.258009	-8.384131E-5
598.000000	59.077970	-9.035948E-5
599.000000	58.878723	-9.784818E-5
600.000000	58.545802	-0.000103
601.000000	58.453809	-0.000108
602.000000	57.864337	-0.000108
603.000000	57.573998	-0.000107
604.000000	56.837725	-0.000103
605.000000	56.676759	-9.869095E-5
606.000000	57.190134	-0.000100
607.000000	57.574015	-0.000101
608.000000	58.589907	-0.000107
609.000000	58.933252	-0.000115
610.000000	58.944965	-0.000120
611.000000	58.604667	-0.000124
612.000000	57.952635	-0.000124
613.000000	57.261959	-0.000121
614.000000	56.507367	-0.000116
615.000000	56.843827	-0.000110
616.000000	57.490447	-0.000110
617.000000	58.034649	-0.000113
618.000000	58.912724	-0.000121
619.000000	59.079972	-0.000129
620.000000	58.706560	-0.000131
621.000000	58.429818	-0.000135
622.000000	57.915682	-0.000138
623.000000	57.545378	-0.000142
624.000000	57.656896	-0.000147
625.000000	58.477950	-0.000159
626.000000	56.233036	-0.000150
627.000000	56.923381	-0.000148
628.000000	57.594870	-0.000147
629.000000	57.810611	-0.000148
630.000000	57.884450	-0.000150
631.000000	58.437205	-0.000157
632.000000	58.332387	-0.000164
633.000000	58.616997	-0.000170
634.000000	58.476398	-0.000175
635.000000	57.925100	-0.000175
636.000000	57.941073	-0.000173
637.000000	57.726164	-0.000173
638.000000	57.788056	-0.000174
639.000000	57.993069	-0.000176
640.000000	57.906145	-0.000173
641.000000	58.011654	-0.000169
642.000000	58.220371	-0.000170
643.000000	57.948295	-0.000171
644.000000	58.866866	-0.000181
645.000000	58.870251	-0.000191
646.000000	58.721951	-0.000196
647.000000	58.492061	-0.000196
648.000000	57.842587	-0.000187
649.000000	58.105157	-0.000180
650.000000	57.799607	-0.000175
651.000000	58.315259	-0.000177
652.000000	58.615858	-0.000189
653.000000	58.315518	-0.000196
654.000000	58.001291	-0.000198
655.000000	57.651412	-0.000192
656.000000	57.569578	-0.000182
657.000000	57.529448	-0.000177
658.000000	57.228442	-0.000173
659.000000	58.308680	-0.000181
660.000000	58.375614	-0.000196
661.000000	57.822477	-0.000206
662.000000	57.130258	-0.000207
663.000000	56.573619	-0.000197
664.000000	55.856645	-0.000175
665.000000	57.028604	-0.000164
666.000000	57.817793	-0.000168
667.000000	58.396235	-0.000183
668.000000	58.195707	-0.000198
669.000000	57.624824	-0.000206
670.000000	56.761444	-0.000201
671.000000	56.641541	-0.000186
672.000000	57.085617	-0.000178
673.000000	57.617612	-0.000176
674.000000	58.064855	-0.000178
675.000000	58.492248	-0.000192
676.000000	58.065133	-0.000204
677.000000	57.800897	-0.000204
678.000000	57.839993	-0.000202
679.000000	57.624050	-0.000189
680.000000	58.094009	-0.000180
681.000000	59.321625	-0.000189
682.000000	59.657964	-0.000205
683.000000	59.695361	-0.000218
684.000000	59.132086	-0.000220
685.000000	58.824794	-0.000216
686.000000	58.492696	-0.000199
687.000000	59.519961	-0.000190
688.000000	60.531063	-0.000204
689.000000	60.498812	-0.000216
690.000000	60.779688	-0.000227
691.000000	60.732088	-0.000235
692.000000	60.470561	-0.000228
693.000000	60.216364	-0.000214
694.000000	60.977446	-0.000207
695.000000	61.552492	-0.000211
696.000000	62.167045	-0.000229
697.000000	61.876224	-0.000249
698.000000	61.334740	-0.000262
699.000000	60.702220	-0.000256
700.000000	60.551041	-0.000242
701.000000	61.031196	-0.000235
702.000000	61.172743	-0.000232
703.000000	61.636343	-0.000244
704.000000	61.556526	-0.000271
705.000000	61.121555	-0.000285
706.000000	60.239601	-0.000273
707.000000	60.035338	-0.000261
708.000000	60.190823	-0.000251
709.000000	60.306028	-0.000237
710.000000	61.132849	-0.000242
711.000000	61.507594	-0.000277
712.000000	60.288597	-0.000297
713.000000	59.548808	-0.000286
714.000000	59.507477	-0.000264
715.000000	59.447491	-0.000241
716.000000	59.992748	-0.000236
717.000000	60.002421	-0.000243
718.000000	60.019721	-0.000257
719.000000	59.669065	-0.000274
720.000000	59.286864	-0.000276
721.000000	58.827238	-0.000267
722.000000	58.626091	-0.000250
723.000000	58.749625	-0.000232
724.000000	59.362423	-0.000230
725.000000	59.514015	-0.000241
726.000000	59.067630	-0.000252
727.000000	58.838382	-0.000260
728.000000	58.360514	-0.000254
729.000000	58.206486	-0.000238
730.000000	58.152235	-0.000222
731.000000	58.240701	-0.000215
732.000000	58.112790	-0.000218
733.000000	57.871748	-0.000227
734.000000	57.691585	-0.000237
735.000000	56.993777	-0.000234
736.000000	56.677499	-0.000225
737.000000	56.449184	-0.000216
738.000000	55.962989	-0.000204
739.000000	55.688690	-0.000202
740.000000	55.224234	-0.000204
741.000000	54.832262	-0.000208
742.000000	54.235513	-0.000210
743.000000	53.520684	-0.000204
744.000000	52.891372	-0.000192
745.000000	52.131635	-0.000183
746.000000	51.367547	-0.000177
747.000000	50.861531	-0.000176
748.000000	50.050301	-0.000179
749.000000	49.094380	-0.000179
750.000000	48.111583	-0.000175
751.000000	47.099787	-0.000169
752.000000	45.933204	-0.000157
753.000000	44.944495	-0.000149
754.000000	43.998430	-0.000144
755.000000	42.986437	-0.000141
756.000000	41.706604	-0.000141
757.000000	40.509746	-0.000138
758.000000	39.256383	-0.000132
759.000000	37.932544	-0.000125
760.000000	36.563864	-0.000117
761.000000	35.243883	-0.000109
762.000000	33.813635	-0.000104
763.000000	32.582471	-0.000102
764.000000	31.260214	-0.000100
765.000000	29.861518	-9.683304E-5
766.000000	28.456368	-9.139256E-5
767.000000	26.997461	-8.480925E-5
768.000000	25.690994	-7.828757E-5
769.000000	24.313580	-7.322361E-5
770.000000	23.156715	-7.069617E-5
771.000000	21.954836	-6.876415E-5
772.000000	20.783133	-6.643715E-5
773.000000	19.619950	-6.288261E-5
774.000000	18.462193	-5.804186E-5
775.000000	17.328212	-5.271867E-5
776.000000	16.336914	-4.854015E-5
777.000000	15.354420	-4.589325E-5
778.000000	14.590277	-4.532266E-5
779.000000	13.695009	-4.437703E-5
780.000000	12.870097	-4.252161E-5
781.000000	12.042549	-3.929609E-5
782.000000	11.303410	-3.557155E-5
783.000000	10.621229	-3.251324E-5
784.000000	10.010351	-3.061188E-5
785.000000	9.430215	-3.000824E-5
786.000000	8.865710	-2.938923E-5
787.000000	8.331239	-2.818018E-5
788.000000	7.780612	-2.625030E-5
789.000000	7.323796	-2.370317E-5
790.000000	6.898709	-2.143324E-5
791.000000	6.520581	-2.003048E-5
792.000000	6.170367	-1.947388E-5
793.000000	5.838087	-1.939490E-5
794.000000	5.525859	-1.915126E-5
795.000000	5.181832	-1.816606E-5
796.000000	4.864070	-1.630171E-5
797.000000	4.608557	-1.466288E-5
798.000000	4.382712	-1.367656E-5
799.000000	4.158449	-1.316855E-5
800.000000	3.961824	-1.319120E-5
801.000000	3.765442	-1.324532E-5
802.000000	3.548319	-1.269287E-5
803.000000	3.359255	-1.159164E-5
804.000000	3.176234	-1.026344E-5
805.000000	3.023130	-9.247495E-6
806.000000	2.896224	-8.789312E-6
807.000000	2.783962	-8.834373E-6
808.000000	2.663866	-9.068111E-6
809.000000	2.525141	-8.960765E-6
810.000000	2.392471	-8.367642E-6
811.000000	2.272364	-7.612934E-6
812.000000	2.160214	-6.839583E-6
813.000000	2.078652	-6.395408E-6
814.000000	1.997440	-6.387841E-6
815.000000	1.917350	-6.545378E-6
816.000000	1.835384	-6.647337E-6
817.000000	1.734518	-6.360628E-6
818.000000	1.646163	-5.694978E-6
819.000000	1.571092	-5.045466E-6
820.000000	1.513888	-4.679538E-6
821.000000	1.460292	-4.608138E-6
822.000000	1.410804	-4.798820E-6
823.000000	1.356742	-4.970213E-6
824.000000	1.289702	-4.828777E-6
825.000000	1.222550	-4.442280E-6
826.000000	1.166419	-4.017003E-6
827.000000	1.126176	-3.740781E-6
828.000000	1.084491	-3.662163E-6
829.000000	1.046090	-3.719697E-6
830.000000	1.010755	-3.831061E-6
831.000000	0.970215	-3.851042E-6
832.000000	0.928160	-3.664830E-6
833.000000	0.887945	-3.326412E-6
834.000000	0.856553	-3.000760E-6
835.000000	0.828604	-2.822415E-6
836.000000	0.804176	-2.816816E-6
837.000000	0.773617	-2.854920E-6
838.000000	0.744724	-2.844647E-6
839.000000	0.712921	-2.745564E-6
840.000000	0.679179	-2.528468E-6
841.000000	0.646587	-2.258431E-6
842.000000	0.622853	-2.100227E-6
843.000000	0.603513	-2.074444E-6
844.000000	0.580773	-2.079655E-6
845.000000	0.557326	-2.074772E-6
846.000000	0.534912	-2.028459E-6
847.000000	0.509023	-1.879815E-6
848.000000	0.485016	-1.672653E-6
849.000000	0.468966	-1.524101E-6
850.000000	0.453977	-1.468958E-6
851.000000	0.436873	-1.459856E-6
852.000000	0.420707	-1.452782E-6
853.000000	0.403673	-1.418701E-6
854.000000	0.384957	-1.321515E-6
855.000000	0.369082	-1.200938E-6
856.000000	0.354009	-1.093967E-6
857.000000	0.341783	-1.027051E-6
858.000000	0.331169	-1.009727E-6
859.000000	0.318286	-1.001262E-6
860.000000	0.303808	-9.541392E-7
861.000000	0.291836	-8.788301E-7
862.000000	0.279311	-7.998494E-7
863.000000	0.268893	-7.307177E-7
864.000000	0.259402	-6.853039E-7
865.000000	0.250182	-6.615995E-7
866.000000	0.241230	-6.451333E-7
867.000000	0.232244	-6.283626E-7
868.000000	0.221210	-5.847180E-7
869.000000	0.210810	-5.201824E-7
870.000000	0.203407	-4.765681E-7
871.000000	0.196466	-4.539805E-7
872.000000	0.189261	-4.382009E-7
873.000000	0.181616	-4.236096E-7
874.000000	0.174175	-4.060089E-7
875.000000	0.166836	-3.805951E-7
876.000000	0.159362	-3.499846E-7
877.000000	0.152888	-3.219921E-7
878.000000	0.147792	-3.034000E-7
879.000000	0.141948	-2.884932E-7
880.000000	0.136280	-2.758962E-7
881.000000	0.130899	-2.645901E-7
882.000000	0.125678	-2.515355E-7
883.000000	0.120347	-2.367495E-7
884.000000	0.114905	-2.205101E-7
885.000000	0.110114	-2.044879E-7
886.000000	0.106131	-1.945273E-7
887.000000	0.101911	-1.886781E-7
888.000000	0.097690	-1.819097E-7
889.000000	0.093531	-1.737053E-7
890.000000	0.089661	-1.645431E-7
891.000000	0.085708	-1.533547E-7
892.000000	0.082097	-1.433862E-7
893.000000	0.079010	-1.379595E-7
894.000000	0.075912	-1.343218E-7
895.000000	0.072701	-1.282771E-7
896.000000	0.069789	-1.232283E-7
897.000000	0.066924	-1.190259E-7
898.000000	0.063704	-1.108683E-7
899.000000	0.061263	-1.037270E-7
900.000000	0.058851	-9.988553E-8
901.000000	0.056382	-9.639911E-8
902.000000	0.053847	-9.227022E-8
903.000000	0.051544	-8.804700E-8
904.000000	0.049573	-8.488009E-8
905.000000	0.047423	-8.159755E-8
906.000000	0.045430	-7.721955E-8
907.000000	0.043734	-7.406399E-8
908.000000	0.041710	-7.102004E-8
909.000000	0.039787	-6.711708E-8
910.000000	0.038065	-6.387401E-8
911.000000	0.036517	-6.136766E-8
912.000000	0.035061	-5.927161E-8
913.000000	0.033567	-5.709032E-8
914.000000	0.032118	-5.431643E-8
915.000000	0.030821	-5.174906E-8
916.000000	0.029425	-4.880818E-8
917.000000	0.028148	-4.619361E-8
918.000000	0.026929	-4.450091E-8
919.000000	0.025688	-4.249181E-8
920.000000	0.024717	-4.080560E-8
921.000000	0.023794	-3.957200E-8
922.000000	0.022675	-3.729214E-8
923.000000	0.021645	-3.501615E-8
924.000000	0.020726	-3.346602E-8
925.000000	0.019802	-3.167317E-8
926.000000	0.018981	-3.037482E-8
927.000000	0.018191	-2.922118E-8
928.000000	0.017461	-2.801349E-8
929.000000	0.016698	-2.675124E-8
930.000000	0.015975	-2.500505E-8
931.000000	0.015303	-2.343344E-8
932.000000	0.014615	-2.221517E-8
933.000000	0.013933	-2.092915E-8
934.000000	0.013446	-2.027176E-8
935.000000	0.012890	-1.963409E-8
936.000000	0.012323	-1.862881E-8
937.000000	0.011777	-1.758475E-8
938.000000	0.011265	-1.643124E-8
939.000000	0.010811	-1.558409E-8
940.000000	0.010376	-1.507689E-8
941.000000	0.009902	-1.435222E-8
942.000000	0.009503	-1.380280E-8
943.000000	0.009097	-1.316403E-8
944.000000	0.008734	-1.238740E-8
945.000000	0.008370	-1.168165E-8
946.000000	0.008001	-1.095960E-8
947.000000	0.007639	-1.028826E-8
948.000000	0.007350	-9.926747E-9
949.000000	0.007041	-9.557472E-9
950.000000	0.006759	-9.185007E-9
951.000000	0.006481	-8.760499E-9
952.000000	0.006229	-8.251622E-9
953.000000	0.005976	-7.819327E-9
954.000000	0.005710	-7.404709E-9
955.000000	0.005481	-7.060166E-9
956.000000	0.005263	-6.828680E-9
957.000000	0.005045	-6.521825E-9
958.000000	0.004842	-6.211671E-9
959.000000	0.004653	-5.900449E-9
960.000000	0.004454	-5.477985E-9
961.000000	0.004277	-5.165021E-9
962.000000	0.004112	-4.945508E-9
963.000000	0.003959	-4.767675E-9
964.000000	0.003797	-4.628156E-9
965.000000	0.003650	-4.418208E-9
966.000000	0.003512	-4.181491E-9
967.000000	0.003380	-3.993237E-9
968.000000	0.003249	-3.767337E-9
969.000000	0.003130	-3.592177E-9
970.000000	0.003011	-3.466000E-9
971.000000	0.002891	-3.337540E-9
972.000000	0.002784	-3.197402E-9
973.000000	0.002682	-3.020739E-9
974.000000	0.002595	-2.852335E-9
975.000000	0.002497	-2.699170E-9
976.000000	0.002408	-2.560581E-9
977.000000	0.002328	-2.482690E-9
978.000000	0.002241	-2.411809E-9
979.000000	0.002162	-2.313132E-9
980.000000	0.002092	-2.227469E-9
981.000000	0.002019	-2.129465E-9
982.000000	0.001951	-2.025630E-9
983.000000	0.001889	-1.943585E-9
984.000000	0.001828	-1.882377E-9
985.000000	0.001767	-1.827850E-9
986.000000	0.001701	-1.754364E-9
987.000000	0.001648	-1.670456E-9
988.000000	0.001597	-1.594472E-9
989.000000	0.001551	-1.521954E-9
990.000000	0.001509	-1.455590E-9
991.000000	0.001461	-1.411551E-9
992.000000	0.001411	-1.375862E-9
993.000000	0.001365	-1.342879E-9
994.000000	0.001323	-1.306166E-9
995.000000	0.001288	-1.260667E-9
996.000000	0.001254	-1.217366E-9
997.000000	0.001221	-1.173040E-9
998.000000	0.001189	-1.132947E-9
999.000000	0.001148	-1.101595E-9
1000.000000	0.001115	-1.072096E-9
1001.000000	0.001088	-1.039900E-9
1002.000000	0.001058	-1.004957E-9
1003.000000	0.001032	-9.658394E-10
1004.000000	0.001009	-9.362526E-10
1005.000000	0.000981	-9.142679E-10
1006.000000	0.000954	-8.981726E-10
1007.000000	0.000927	-8.847107E-10
1008.000000	0.000902	-8.663978E-10
1009.000000	0.000879	-8.402420E-10
1010.000000	0.000858	-8.151435E-10
1011.000000	0.000837	-7.920680E-10
1012.000000	0.000813	-7.732976E-10
1013.000000	0.000789	-7.612792E-10
1014.000000	0.000767	-7.479113E-10
1015.000000	0.000747	-7.314577E-10
1016.000000	0.000729	-7.130513E-10
1017.000000	0.000709	-6.963519E-10
1018.000000	0.000689	-6.846842E-10
1019.000000	0.000666	-6.781622E-10
1020.000000	0.000644	-6.778399E-10
1021.000000	0.000620	-6.753352E-10
1022.000000	0.000599	-6.669354E-10
1023.000000	0.000580	-6.572332E-10
1024.000000	0.000559	-6.476660E-10
1025.000000	0.000539	-6.422228E-10
1026.000000	0.000510	-6.415547E-10
1027.000000	0.000499	-6.381755E-10
1028.000000	0.000483	-6.322514E-10
1029.000000	0.000471	-6.229485E-10
1030.000000	0.000459	-6.098677E-10
1031.000000	0.000446	-5.956668E-10
1032.000000	0.000432	-5.847922E-10
1033.000000	0.000419	-5.754362E-10
1034.000000	0.000405	-5.641743E-10
1035.000000	0.000394	-5.471459E-10
1036.000000	0.000395	-5.292792E-10
1037.000000	0.000400	-5.092712E-10
1038.000000	0.000402	-4.825004E-10
1039.000000	0.000402	-4.617763E-10
1040.000000	0.000398	-4.446778E-10
1041.000000	0.000392	-4.340788E-10
1042.000000	0.000384	-4.247819E-10
1043.000000	0.000377	-4.161767E-10
1044.000000	0.000367	-4.093784E-10
1045.000000	0.000358	-4.016709E-10
1046.000000	0.000347	-3.932128E-10
1047.000000	0.000337	-3.910248E-10
1048.000000	0.000323	-3.880331E-10
1049.000000	0.000310	-3.850007E-10
1050.000000	0.000298	-3.831706E-10
1051.000000	0.000289	-3.805780E-10
1052.000000	0.000278	-3.775981E-10
1053.000000	0.000266	-3.752341E-10
1054.000000	0.000254	-3.711635E-10
1055.000000	0.000243	-3.720611E-10
1056.000000	0.000231	-3.757796E-10
1057.000000	0.000220	-3.784370E-10
1058.000000	0.000208	-3.799678E-10
1059.000000	0.000196	-3.863379E-10
1060.000000	0.000183	-4.012780E-10
1061.000000	0.000165	-4.296504E-10
1062.000000	0.000155	-4.756549E-10
1063.000000	0.000137	-6.214704E-10
1064.000000	0.000116	-9.429516E-10
1065.000000	0.000102	-1.078009E-9
1066.000000	9.977800E-5	-8.016467E-10
1067.000000	0.000108	-5.208795E-10
1068.000000	0.000119	-4.207696E-10
1069.000000	0.000136	-3.696267E-10
1070.000000	0.000157	-3.338753E-10
1071.000000	0.000169	-3.072918E-10
1072.000000	0.000169	-2.866091E-10
1073.000000	0.000165	-2.713822E-10
1074.000000	0.000165	-2.612815E-10
1075.000000	0.000169	-2.516148E-10
1076.000000	0.000173	-2.428690E-10
1077.000000	0.000179	-2.377425E-10
1078.000000	0.000183	-2.325923E-10
1079.000000	0.000182	-2.270023E-10
1080.000000	0.000178	-2.216704E-10
1081.000000	0.000179	-2.146317E-10
1082.000000	0.000184	-2.115813E-10
1083.000000	0.000186	-2.082614E-10
1084.000000	0.000187	-2.049121E-10
1085.000000	0.000186	-2.017915E-10
1086.000000	0.000184	-1.991461E-10
1087.000000	0.000186	-1.968175E-10
1088.000000	0.000185	-1.933684E-10
1089.000000	0.000185	-1.920076E-10
1090.000000	0.000185	-1.887697E-10
1091.000000	0.000183	-1.857665E-10
1092.000000	0.000182	-1.837779E-10
1093.000000	0.000182	-1.821649E-10
1094.000000	0.000182	-1.813847E-10
1095.000000	0.000182	-1.781938E-10
1096.000000	0.000181	-1.754428E-10
1097.000000	0.000180	-1.743105E-10
1098.000000	0.000178	-1.721637E-10
1099.000000	0.000173	-1.711844E-10
1100.000000	0.000168	-1.705920E-10
