Wavelength (nm)	EQE (%)	Current (A)	Dark Current (A) -> 	-55.893311200E-12	
400.000000	27.635070	-8.402620E-7
401.000000	29.099198	-1.243981E-6
402.000000	29.148988	-1.912817E-6
403.000000	29.229278	-2.780549E-6
404.000000	28.904878	-3.812607E-6
405.000000	29.078810	-4.827788E-6
406.000000	29.401207	-6.351320E-6
407.000000	29.166954	-6.688236E-6
408.000000	29.019183	-7.223846E-6
409.000000	28.935459	-7.633549E-6
410.000000	28.848247	-8.017666E-6
411.000000	28.563644	-1.036058E-5
412.000000	28.022623	-1.176878E-5
413.000000	28.673432	-1.583693E-5
414.000000	28.472760	-1.795369E-5
415.000000	28.368963	-1.795381E-5
416.000000	28.514926	-1.684884E-5
417.000000	28.454226	-1.481423E-5
418.000000	27.605839	-9.381897E-6
419.000000	27.691291	-6.942918E-6
420.000000	28.383194	-7.311085E-6
421.000000	28.022204	-7.829182E-6
422.000000	27.650873	-7.007387E-6
423.000000	28.088044	-7.426522E-6
424.000000	28.042982	-8.265506E-6
425.000000	28.003696	-8.937289E-6
426.000000	27.780014	-9.283143E-6
427.000000	28.016647	-9.826881E-6
428.000000	28.014153	-1.093994E-5
429.000000	27.754788	-1.221070E-5
430.000000	27.796889	-1.305502E-5
431.000000	27.850470	-1.344774E-5
432.000000	27.735651	-1.332976E-5
433.000000	27.929022	-1.366148E-5
434.000000	28.017863	-1.504741E-5
435.000000	27.923997	-1.545118E-5
436.000000	28.123561	-1.561081E-5
437.000000	28.369070	-1.710705E-5
438.000000	28.535605	-1.768726E-5
439.000000	28.513231	-1.764125E-5
440.000000	28.787886	-1.794453E-5
441.000000	29.201145	-1.974198E-5
442.000000	29.062677	-1.913099E-5
443.000000	28.889080	-1.844158E-5
444.000000	29.140099	-1.853206E-5
445.000000	29.459110	-1.826443E-5
446.000000	29.920703	-1.829966E-5
447.000000	30.373291	-2.076671E-5
448.000000	30.082788	-2.301423E-5
449.000000	30.248922	-2.114093E-5
450.000000	30.644883	-2.041457E-5
451.000000	31.017820	-2.254142E-5
452.000000	30.949247	-2.369578E-5
453.000000	30.126548	-2.207848E-5
454.000000	30.526437	-2.024411E-5
455.000000	31.980330	-2.139610E-5
456.000000	32.297412	-2.478912E-5
457.000000	32.400337	-2.745038E-5
458.000000	32.535220	-2.820869E-5
459.000000	32.864446	-2.674938E-5
460.000000	32.964100	-2.490062E-5
461.000000	33.335605	-2.349726E-5
462.000000	33.670927	-2.283932E-5
463.000000	34.275686	-2.309707E-5
464.000000	34.262134	-2.353707E-5
465.000000	34.193187	-2.443326E-5
466.000000	33.731552	-2.229925E-5
467.000000	33.358496	-1.815483E-5
468.000000	34.744833	-1.888636E-5
469.000000	35.730696	-2.437774E-5
470.000000	35.127066	-2.427715E-5
471.000000	34.641405	-1.880000E-5
472.000000	35.781613	-1.890570E-5
473.000000	36.479661	-2.556817E-5
474.000000	35.792340	-2.558748E-5
475.000000	35.372679	-2.006197E-5
476.000000	36.111513	-2.009195E-5
477.000000	36.139994	-2.318432E-5
478.000000	35.716686	-2.131819E-5
479.000000	36.595532	-2.157443E-5
480.000000	36.687151	-2.560528E-5
481.000000	36.431732	-2.442324E-5
482.000000	35.538747	-1.778076E-5
483.000000	37.039190	-1.968879E-5
484.000000	37.361921	-2.369665E-5
485.000000	36.401350	-2.023144E-5
486.000000	36.523120	-1.934247E-5
487.000000	37.362423	-2.236601E-5
488.000000	36.734482	-2.158808E-5
489.000000	36.782599	-1.966904E-5
490.000000	36.975345	-2.186831E-5
491.000000	37.078156	-2.385378E-5
492.000000	37.351952	-2.624073E-5
493.000000	37.239468	-2.744593E-5
494.000000	36.476690	-2.481847E-5
495.000000	37.066619	-2.503714E-5
496.000000	36.411799	-2.816742E-5
497.000000	36.769740	-2.907777E-5
498.000000	36.792218	-2.708096E-5
499.000000	37.050638	-2.682772E-5
500.000000	37.614496	-3.038391E-5
501.000000	37.946563	-3.507662E-5
502.000000	37.417186	-3.327520E-5
503.000000	37.373600	-3.201050E-5
504.000000	37.760565	-3.731042E-5
505.000000	37.911054	-4.059577E-5
506.000000	37.375413	-3.674435E-5
507.000000	36.267201	-3.031473E-5
508.000000	36.811674	-3.006987E-5
509.000000	37.330882	-2.993318E-5
510.000000	36.515139	-2.616664E-5
511.000000	36.580090	-2.484388E-5
512.000000	37.007215	-2.821220E-5
513.000000	37.285383	-3.299877E-5
514.000000	38.228873	-3.891911E-5
515.000000	37.581838	-4.607785E-5
516.000000	37.828947	-5.892400E-5
517.000000	38.398444	-6.449036E-5
518.000000	37.170455	-5.416843E-5
519.000000	36.682323	-4.579032E-5
520.000000	37.338120	-4.215309E-5
521.000000	36.318543	-3.199989E-5
522.000000	36.474007	-2.653376E-5
523.000000	36.449912	-2.582387E-5
524.000000	38.207962	-3.475194E-5
525.000000	38.195545	-4.685360E-5
526.000000	37.665888	-4.976778E-5
527.000000	37.886854	-5.530844E-5
528.000000	37.999489	-6.016898E-5
529.000000	37.827652	-5.655361E-5
530.000000	36.653966	-4.273176E-5
531.000000	36.484392	-3.148456E-5
532.000000	36.365268	-2.634276E-5
533.000000	36.936393	-2.879146E-5
534.000000	36.957555	-3.097684E-5
535.000000	37.642664	-4.101067E-5
536.000000	38.410834	-5.692704E-5
537.000000	37.450529	-5.201943E-5
538.000000	36.501882	-4.140179E-5
539.000000	37.120335	-4.176575E-5
540.000000	36.048407	-3.288922E-5
541.000000	36.340675	-2.977672E-5
542.000000	36.793980	-3.038681E-5
543.000000	36.774896	-3.628737E-5
544.000000	37.871918	-4.881772E-5
545.000000	37.377011	-5.007510E-5
546.000000	36.840827	-4.625284E-5
547.000000	37.530059	-4.626983E-5
548.000000	36.546838	-3.551307E-5
549.000000	36.152790	-2.861662E-5
550.000000	36.301193	-2.861186E-5
551.000000	36.751896	-3.155739E-5
552.000000	37.318618	-4.273630E-5
553.000000	37.600809	-5.000100E-5
554.000000	37.152015	-5.186688E-5
555.000000	37.197983	-5.254343E-5
556.000000	36.674807	-4.373190E-5
557.000000	36.410475	-3.516028E-5
558.000000	36.592279	-3.399843E-5
559.000000	36.883666	-3.786301E-5
560.000000	37.438460	-4.661708E-5
561.000000	37.469567	-5.181240E-5
562.000000	36.996691	-4.786470E-5
563.000000	37.040862	-4.786320E-5
564.000000	36.740889	-3.935816E-5
565.000000	36.158894	-3.169962E-5
566.000000	36.054216	-3.248679E-5
567.000000	36.253975	-3.518054E-5
568.000000	36.541540	-4.319755E-5
569.000000	36.597701	-4.718472E-5
570.000000	36.367901	-4.522371E-5
571.000000	36.302955	-4.229535E-5
572.000000	36.064709	-3.645097E-5
573.000000	35.748369	-3.056648E-5
574.000000	36.026853	-3.186102E-5
575.000000	36.116140	-3.839555E-5
576.000000	36.534250	-4.923141E-5
577.000000	36.377797	-5.323546E-5
578.000000	36.298359	-5.456090E-5
579.000000	36.140213	-4.953562E-5
580.000000	35.704336	-3.982168E-5
581.000000	35.856079	-3.622150E-5
582.000000	35.740113	-3.480857E-5
583.000000	35.707053	-4.031053E-5
584.000000	35.881329	-4.919491E-5
585.000000	35.542693	-5.046293E-5
586.000000	35.489944	-4.855169E-5
587.000000	35.350793	-4.444617E-5
588.000000	34.900087	-3.677141E-5
589.000000	35.177946	-3.535844E-5
590.000000	35.330614	-3.665751E-5
591.000000	35.258879	-5.257621E-5
592.000000	35.120423	-5.298365E-5
593.000000	34.829911	-5.309627E-5
594.000000	34.718181	-5.119916E-5
595.000000	34.876376	-4.951825E-5
596.000000	35.056775	-4.966730E-5
597.000000	35.280406	-5.077337E-5
598.000000	35.691165	-5.458947E-5
599.000000	35.483415	-5.896846E-5
600.000000	35.371460	-6.211565E-5
601.000000	35.344448	-6.537148E-5
602.000000	35.163051	-6.587054E-5
603.000000	35.064700	-6.525339E-5
604.000000	34.563379	-6.273620E-5
605.000000	34.356565	-5.982491E-5
606.000000	34.675333	-6.065671E-5
607.000000	34.932337	-6.142572E-5
608.000000	35.624900	-6.530482E-5
609.000000	35.948513	-7.026604E-5
610.000000	35.884511	-7.278445E-5
611.000000	35.726789	-7.529827E-5
612.000000	35.433021	-7.593908E-5
613.000000	35.093573	-7.412231E-5
614.000000	34.595706	-7.092836E-5
615.000000	34.773683	-6.721605E-5
616.000000	35.261275	-6.737188E-5
617.000000	35.702591	-6.962401E-5
618.000000	36.385528	-7.476698E-5
619.000000	36.444947	-7.932276E-5
620.000000	36.396406	-8.144804E-5
621.000000	36.168149	-8.340328E-5
622.000000	35.817714	-8.528319E-5
623.000000	35.932521	-8.837419E-5
624.000000	36.028137	-9.186476E-5
625.000000	35.907029	-9.739601E-5
626.000000	36.234995	-9.635514E-5
627.000000	36.394816	-9.464916E-5
628.000000	36.653366	-9.352774E-5
629.000000	36.874188	-9.455562E-5
630.000000	37.137502	-9.633124E-5
631.000000	37.339294	-0.000100
632.000000	37.382382	-0.000105
633.000000	37.519782	-0.000109
634.000000	37.428600	-0.000112
635.000000	37.096124	-0.000112
636.000000	37.018965	-0.000111
637.000000	37.052794	-0.000111
638.000000	37.086251	-0.000112
639.000000	37.144073	-0.000112
640.000000	37.148456	-0.000111
641.000000	37.147264	-0.000108
642.000000	37.090646	-0.000109
643.000000	37.047613	-0.000109
644.000000	37.386267	-0.000115
645.000000	37.452251	-0.000121
646.000000	37.254087	-0.000125
647.000000	37.203549	-0.000125
648.000000	36.819065	-0.000119
649.000000	36.767603	-0.000114
650.000000	36.622248	-0.000111
651.000000	36.782110	-0.000112
652.000000	36.922591	-0.000119
653.000000	36.662868	-0.000123
654.000000	36.596358	-0.000125
655.000000	36.423369	-0.000122
656.000000	36.144052	-0.000114
657.000000	36.082500	-0.000111
658.000000	35.861870	-0.000108
659.000000	36.185075	-0.000112
660.000000	36.111875	-0.000122
661.000000	35.747937	-0.000127
662.000000	35.448934	-0.000128
663.000000	35.139822	-0.000122
664.000000	34.693389	-0.000109
665.000000	35.203763	-0.000101
666.000000	35.536873	-0.000103
667.000000	35.782504	-0.000112
668.000000	35.721928	-0.000122
669.000000	35.565385	-0.000127
670.000000	35.024259	-0.000124
671.000000	34.813653	-0.000114
672.000000	35.070819	-0.000109
673.000000	35.253440	-0.000108
674.000000	35.537456	-0.000109
675.000000	35.908863	-0.000118
676.000000	35.591851	-0.000125
677.000000	35.364553	-0.000125
678.000000	35.602154	-0.000124
679.000000	35.628331	-0.000117
680.000000	35.774100	-0.000111
681.000000	36.244765	-0.000115
682.000000	36.449639	-0.000125
683.000000	36.322137	-0.000132
684.000000	36.377196	-0.000135
685.000000	36.442126	-0.000134
686.000000	36.179948	-0.000123
687.000000	36.815899	-0.000118
688.000000	37.334322	-0.000126
689.000000	37.481475	-0.000134
690.000000	37.954604	-0.000142
691.000000	38.092509	-0.000147
692.000000	38.004103	-0.000143
693.000000	37.926874	-0.000135
694.000000	38.174109	-0.000130
695.000000	38.338383	-0.000132
696.000000	38.573401	-0.000142
697.000000	38.707508	-0.000156
698.000000	38.947803	-0.000166
699.000000	38.714174	-0.000163
700.000000	38.957285	-0.000156
701.000000	39.225525	-0.000151
702.000000	38.949994	-0.000148
703.000000	39.258425	-0.000156
704.000000	39.463667	-0.000174
705.000000	39.072236	-0.000182
706.000000	38.783950	-0.000176
707.000000	39.153498	-0.000170
708.000000	39.270552	-0.000164
709.000000	38.859728	-0.000153
710.000000	38.849358	-0.000154
711.000000	39.550386	-0.000178
712.000000	39.230472	-0.000193
713.000000	38.698682	-0.000186
714.000000	38.602144	-0.000171
715.000000	38.405940	-0.000156
716.000000	38.621914	-0.000152
717.000000	38.474992	-0.000156
718.000000	38.326965	-0.000164
719.000000	37.948886	-0.000174
720.000000	37.604354	-0.000175
721.000000	37.500290	-0.000170
722.000000	37.102960	-0.000158
723.000000	36.984399	-0.000146
724.000000	36.919512	-0.000143
725.000000	36.669518	-0.000149
726.000000	36.264156	-0.000155
727.000000	35.827480	-0.000158
728.000000	35.429840	-0.000154
729.000000	35.155152	-0.000144
730.000000	34.899991	-0.000133
731.000000	34.538298	-0.000128
732.000000	33.999471	-0.000127
733.000000	33.453742	-0.000131
734.000000	32.941242	-0.000135
735.000000	32.372794	-0.000133
736.000000	31.842247	-0.000126
737.000000	31.302437	-0.000120
738.000000	30.536998	-0.000112
739.000000	29.889620	-0.000108
740.000000	29.214317	-0.000108
741.000000	28.557791	-0.000108
742.000000	27.952983	-0.000108
743.000000	27.182565	-0.000104
744.000000	26.605131	-9.676054E-5
745.000000	25.820416	-9.044237E-5
746.000000	24.973806	-8.600243E-5
747.000000	24.071189	-8.324642E-5
748.000000	23.354726	-8.357997E-5
749.000000	22.460396	-8.179869E-5
750.000000	21.763761	-7.920907E-5
751.000000	20.888239	-7.488259E-5
752.000000	20.060392	-6.877173E-5
753.000000	19.153012	-6.351742E-5
754.000000	18.320105	-5.983160E-5
755.000000	17.563033	-5.771334E-5
756.000000	16.788337	-5.664422E-5
757.000000	16.000186	-5.449241E-5
758.000000	15.233492	-5.127330E-5
759.000000	14.475007	-4.786991E-5
760.000000	13.682404	-4.379265E-5
761.000000	12.931996	-4.008257E-5
762.000000	12.174809	-3.758886E-5
763.000000	11.556395	-3.624879E-5
764.000000	10.968827	-3.515657E-5
765.000000	10.340917	-3.353287E-5
766.000000	9.720142	-3.121792E-5
767.000000	9.129154	-2.867813E-5
768.000000	8.562809	-2.609325E-5
769.000000	8.004076	-2.410535E-5
770.000000	7.481511	-2.284064E-5
771.000000	7.011050	-2.195912E-5
772.000000	6.598643	-2.109379E-5
773.000000	6.184555	-1.982171E-5
774.000000	5.777062	-1.816206E-5
775.000000	5.375267	-1.635350E-5
776.000000	4.996055	-1.484425E-5
777.000000	4.676982	-1.397916E-5
778.000000	4.386873	-1.362721E-5
779.000000	4.094995	-1.326934E-5
780.000000	3.841712	-1.269266E-5
781.000000	3.586533	-1.170323E-5
782.000000	3.356718	-1.056351E-5
783.000000	3.117643	-9.543591E-6
784.000000	2.918163	-8.923807E-6
785.000000	2.727706	-8.679935E-6
786.000000	2.557113	-8.476656E-6
787.000000	2.406324	-8.139323E-6
788.000000	2.251730	-7.596908E-6
789.000000	2.110994	-6.832145E-6
790.000000	1.982843	-6.160393E-6
791.000000	1.858193	-5.708156E-6
792.000000	1.741361	-5.495793E-6
793.000000	1.639889	-5.447927E-6
794.000000	1.554736	-5.388332E-6
795.000000	1.465677	-5.138255E-6
796.000000	1.378613	-4.620359E-6
797.000000	1.301299	-4.140295E-6
798.000000	1.229942	-3.838121E-6
799.000000	1.157811	-3.666437E-6
800.000000	1.095653	-3.648061E-6
801.000000	1.041353	-3.663062E-6
802.000000	0.985230	-3.524317E-6
803.000000	0.935528	-3.228187E-6
804.000000	0.885887	-2.862587E-6
805.000000	0.840133	-2.569896E-6
806.000000	0.795297	-2.413527E-6
807.000000	0.758694	-2.407572E-6
808.000000	0.726220	-2.472137E-6
809.000000	0.689864	-2.448063E-6
810.000000	0.655761	-2.293517E-6
811.000000	0.623875	-2.090123E-6
812.000000	0.593239	-1.878288E-6
813.000000	0.565502	-1.739885E-6
814.000000	0.541485	-1.731675E-6
815.000000	0.516946	-1.764730E-6
816.000000	0.496566	-1.798448E-6
817.000000	0.474044	-1.738362E-6
818.000000	0.450024	-1.556878E-6
819.000000	0.429986	-1.380872E-6
820.000000	0.412468	-1.274968E-6
821.000000	0.394161	-1.243827E-6
822.000000	0.379285	-1.290130E-6
823.000000	0.365824	-1.340140E-6
824.000000	0.350195	-1.311165E-6
825.000000	0.332129	-1.206829E-6
826.000000	0.316492	-1.089958E-6
827.000000	0.306120	-1.016827E-6
828.000000	0.294667	-9.950447E-7
829.000000	0.282364	-1.004032E-6
830.000000	0.272765	-1.033861E-6
831.000000	0.262858	-1.043353E-6
832.000000	0.252527	-9.971000E-7
833.000000	0.243294	-9.114266E-7
834.000000	0.234867	-8.228086E-7
835.000000	0.225593	-7.684207E-7
836.000000	0.217661	-7.624085E-7
837.000000	0.208872	-7.708112E-7
838.000000	0.201343	-7.690747E-7
839.000000	0.193700	-7.459661E-7
840.000000	0.185427	-6.903139E-7
841.000000	0.176355	-6.159802E-7
842.000000	0.169510	-5.715791E-7
843.000000	0.163812	-5.630691E-7
844.000000	0.156661	-5.609772E-7
845.000000	0.150419	-5.599691E-7
846.000000	0.145138	-5.503827E-7
847.000000	0.138982	-5.132584E-7
848.000000	0.132975	-4.585837E-7
849.000000	0.127867	-4.155561E-7
850.000000	0.123441	-3.994242E-7
851.000000	0.118619	-3.963790E-7
852.000000	0.114096	-3.939959E-7
853.000000	0.109571	-3.850864E-7
854.000000	0.105213	-3.611846E-7
855.000000	0.100985	-3.285901E-7
856.000000	0.096983	-2.996976E-7
857.000000	0.093209	-2.800913E-7
858.000000	0.090152	-2.748710E-7
859.000000	0.086880	-2.733054E-7
860.000000	0.083061	-2.608620E-7
861.000000	0.080128	-2.412950E-7
862.000000	0.076975	-2.204308E-7
863.000000	0.074034	-2.011868E-7
864.000000	0.071424	-1.886920E-7
865.000000	0.068648	-1.815385E-7
866.000000	0.065951	-1.763755E-7
867.000000	0.063613	-1.721129E-7
868.000000	0.061151	-1.616385E-7
869.000000	0.058327	-1.439243E-7
870.000000	0.056338	-1.319963E-7
871.000000	0.054355	-1.255990E-7
872.000000	0.052297	-1.210835E-7
873.000000	0.050242	-1.171864E-7
874.000000	0.048100	-1.121222E-7
875.000000	0.046254	-1.055167E-7
876.000000	0.044375	-9.745539E-8
877.000000	0.042611	-8.974223E-8
878.000000	0.041185	-8.454732E-8
879.000000	0.039552	-8.038538E-8
880.000000	0.037940	-7.680931E-8
881.000000	0.036483	-7.374349E-8
882.000000	0.035063	-7.017697E-8
883.000000	0.033692	-6.628037E-8
884.000000	0.032147	-6.169244E-8
885.000000	0.030824	-5.724257E-8
886.000000	0.029739	-5.450872E-8
887.000000	0.028534	-5.282681E-8
888.000000	0.027313	-5.085936E-8
889.000000	0.026238	-4.872921E-8
890.000000	0.025237	-4.631318E-8
891.000000	0.024178	-4.326022E-8
892.000000	0.023133	-4.040324E-8
893.000000	0.022277	-3.889722E-8
894.000000	0.021416	-3.789346E-8
895.000000	0.020478	-3.613319E-8
896.000000	0.019658	-3.471094E-8
897.000000	0.018912	-3.363510E-8
898.000000	0.018118	-3.153186E-8
899.000000	0.017400	-2.946019E-8
900.000000	0.016737	-2.840718E-8
901.000000	0.015997	-2.735009E-8
902.000000	0.015270	-2.616667E-8
903.000000	0.014640	-2.500857E-8
904.000000	0.014074	-2.409729E-8
905.000000	0.013503	-2.323427E-8
906.000000	0.012978	-2.205952E-8
907.000000	0.012493	-2.115647E-8
908.000000	0.011916	-2.028973E-8
909.000000	0.011377	-1.919147E-8
910.000000	0.010903	-1.829587E-8
911.000000	0.010456	-1.757150E-8
912.000000	0.010028	-1.695300E-8
913.000000	0.009628	-1.637526E-8
914.000000	0.009257	-1.565442E-8
915.000000	0.008862	-1.487879E-8
916.000000	0.008459	-1.403150E-8
917.000000	0.008092	-1.327986E-8
918.000000	0.007751	-1.280961E-8
919.000000	0.007394	-1.223053E-8
920.000000	0.007107	-1.173364E-8
921.000000	0.006857	-1.140472E-8
922.000000	0.006564	-1.079476E-8
923.000000	0.006271	-1.014458E-8
924.000000	0.005996	-9.681625E-9
925.000000	0.005720	-9.148443E-9
926.000000	0.005474	-8.759981E-9
927.000000	0.005258	-8.447064E-9
928.000000	0.005050	-8.101612E-9
929.000000	0.004848	-7.765969E-9
930.000000	0.004645	-7.270853E-9
931.000000	0.004452	-6.817129E-9
932.000000	0.004248	-6.456501E-9
933.000000	0.004042	-6.072173E-9
934.000000	0.003900	-5.880258E-9
935.000000	0.003752	-5.715552E-9
936.000000	0.003586	-5.421344E-9
937.000000	0.003434	-5.127249E-9
938.000000	0.003296	-4.806900E-9
939.000000	0.003169	-4.568181E-9
940.000000	0.003041	-4.418816E-9
941.000000	0.002901	-4.204491E-9
942.000000	0.002782	-4.040125E-9
943.000000	0.002676	-3.872838E-9
944.000000	0.002571	-3.645716E-9
945.000000	0.002476	-3.455965E-9
946.000000	0.002370	-3.246199E-9
947.000000	0.002256	-3.037987E-9
948.000000	0.002172	-2.934039E-9
949.000000	0.002089	-2.835257E-9
950.000000	0.001997	-2.713355E-9
951.000000	0.001922	-2.597952E-9
952.000000	0.001859	-2.462908E-9
953.000000	0.001784	-2.334149E-9
954.000000	0.001709	-2.215703E-9
955.000000	0.001639	-2.111569E-9
956.000000	0.001578	-2.046871E-9
957.000000	0.001513	-1.955834E-9
958.000000	0.001456	-1.867690E-9
959.000000	0.001409	-1.786673E-9
960.000000	0.001354	-1.664667E-9
961.000000	0.001297	-1.566059E-9
962.000000	0.001253	-1.506756E-9
963.000000	0.001207	-1.452939E-9
964.000000	0.001159	-1.413270E-9
965.000000	0.001115	-1.349750E-9
966.000000	0.001078	-1.283315E-9
967.000000	0.001046	-1.236106E-9
968.000000	0.001009	-1.170060E-9
969.000000	0.000979	-1.123386E-9
970.000000	0.000940	-1.082450E-9
971.000000	0.000903	-1.042211E-9
972.000000	0.000871	-1.000665E-9
973.000000	0.000846	-9.527540E-10
974.000000	0.000825	-9.066843E-10
975.000000	0.000796	-8.603452E-10
976.000000	0.000772	-8.208517E-10
977.000000	0.000747	-7.964739E-10
978.000000	0.000721	-7.754866E-10
979.000000	0.000699	-7.481462E-10
980.000000	0.000681	-7.251698E-10
981.000000	0.000660	-6.965165E-10
982.000000	0.000644	-6.686486E-10
983.000000	0.000626	-6.445348E-10
984.000000	0.000609	-6.275417E-10
985.000000	0.000592	-6.117867E-10
986.000000	0.000570	-5.874791E-10
987.000000	0.000558	-5.657639E-10
988.000000	0.000543	-5.418023E-10
989.000000	0.000531	-5.209092E-10
990.000000	0.000522	-5.038402E-10
991.000000	0.000506	-4.885130E-10
992.000000	0.000492	-4.793566E-10
993.000000	0.000474	-4.663404E-10
994.000000	0.000466	-4.595834E-10
995.000000	0.000456	-4.467491E-10
996.000000	0.000447	-4.338445E-10
997.000000	0.000438	-4.211511E-10
998.000000	0.000431	-4.106868E-10
999.000000	0.000419	-4.020993E-10
1000.000000	0.000409	-3.935063E-10
1001.000000	0.000401	-3.834524E-10
1002.000000	0.000395	-3.747356E-10
1003.000000	0.000385	-3.602360E-10
1004.000000	0.000381	-3.536958E-10
1005.000000	0.000373	-3.478533E-10
1006.000000	0.000362	-3.407964E-10
1007.000000	0.000354	-3.381984E-10
1008.000000	0.000345	-3.315468E-10
1009.000000	0.000342	-3.264380E-10
1010.000000	0.000335	-3.181790E-10
1011.000000	0.000327	-3.097146E-10
1012.000000	0.000320	-3.043653E-10
1013.000000	0.000314	-3.028695E-10
1014.000000	0.000307	-2.993852E-10
1015.000000	0.000300	-2.931910E-10
1016.000000	0.000296	-2.892845E-10
1017.000000	0.000291	-2.855775E-10
1018.000000	0.000281	-2.789608E-10
1019.000000	0.000274	-2.790898E-10
1020.000000	0.000265	-2.785443E-10
1021.000000	0.000253	-2.758872E-10
1022.000000	0.000245	-2.728779E-10
1023.000000	0.000238	-2.702913E-10
1024.000000	0.000232	-2.691064E-10
1025.000000	0.000224	-2.670299E-10
1026.000000	0.000209	-2.629471E-10
1027.000000	0.000204	-2.612698E-10
1028.000000	0.000198	-2.594925E-10
1029.000000	0.000194	-2.562723E-10
1030.000000	0.000191	-2.534566E-10
1031.000000	0.000185	-2.464529E-10
1032.000000	0.000179	-2.420595E-10
1033.000000	0.000176	-2.411798E-10
1034.000000	0.000170	-2.375197E-10
1035.000000	0.000166	-2.308385E-10
1036.000000	0.000169	-2.263572E-10
1037.000000	0.000173	-2.197232E-10
1038.000000	0.000175	-2.105669E-10
1039.000000	0.000179	-2.049998E-10
1040.000000	0.000179	-2.002960E-10
1041.000000	0.000177	-1.961666E-10
1042.000000	0.000174	-1.926237E-10
1043.000000	0.000172	-1.897554E-10
1044.000000	0.000168	-1.872038E-10
1045.000000	0.000163	-1.827516E-10
1046.000000	0.000158	-1.786748E-10
1047.000000	0.000155	-1.801708E-10
1048.000000	0.000149	-1.785344E-10
1049.000000	0.000141	-1.756483E-10
1050.000000	0.000137	-1.759475E-10
1051.000000	0.000131	-1.733428E-10
1052.000000	0.000124	-1.683397E-10
1053.000000	0.000119	-1.681871E-10
1054.000000	0.000114	-1.671489E-10
1055.000000	0.000109	-1.671314E-10
1056.000000	0.000103	-1.671314E-10
1057.000000	9.644441E-5	-1.662634E-10
1058.000000	9.115124E-5	-1.668263E-10
1059.000000	8.483094E-5	-1.672193E-10
1060.000000	7.758807E-5	-1.703163E-10
1061.000000	6.795018E-5	-1.765047E-10
1062.000000	6.157755E-5	-1.891864E-10
1063.000000	4.933936E-5	-2.245860E-10
1064.000000	3.850024E-5	-3.120200E-10
1065.000000	3.372340E-5	-3.568222E-10
1066.000000	3.557032E-5	-2.857827E-10
1067.000000	4.217996E-5	-2.027595E-10
1068.000000	4.990400E-5	-1.763405E-10
1069.000000	6.010215E-5	-1.633655E-10
1070.000000	6.929994E-5	-1.473111E-10
1071.000000	7.632244E-5	-1.384833E-10
1072.000000	7.710836E-5	-1.309224E-10
1073.000000	7.863302E-5	-1.292272E-10
1074.000000	7.923009E-5	-1.254673E-10
1075.000000	8.254701E-5	-1.232501E-10
1076.000000	8.425703E-5	-1.185986E-10
1077.000000	8.778694E-5	-1.163402E-10
1078.000000	9.008357E-5	-1.145278E-10
1079.000000	8.813267E-5	-1.101813E-10
1080.000000	8.912867E-5	-1.108205E-10
1081.000000	9.015356E-5	-1.082866E-10
1082.000000	9.310680E-5	-1.068613E-10
1083.000000	9.421924E-5	-1.052775E-10
1084.000000	9.368939E-5	-1.028843E-10
1085.000000	9.537454E-5	-1.037349E-10
1086.000000	9.473122E-5	-1.024327E-10
1087.000000	9.511170E-5	-1.008020E-10
1088.000000	9.404143E-5	-9.846743E-11
1089.000000	9.511611E-5	-9.862001E-11
1090.000000	9.603695E-5	-9.816833E-11
1091.000000	9.566679E-5	-9.700107E-11
1092.000000	9.279661E-5	-9.346400E-11
1093.000000	9.517409E-5	-9.520612E-11
1094.000000	9.304959E-5	-9.270150E-11
1095.000000	9.418922E-5	-9.240819E-11
1096.000000	9.372626E-5	-9.083034E-11
1097.000000	9.409755E-5	-9.130552E-11
1098.000000	9.425620E-5	-9.091249E-11
1099.000000	9.231037E-5	-9.125269E-11
1100.000000	8.924883E-5	-9.047248E-11
